0.598515840471 -1.1452445613
0.487833269477 -0.708152987761
0.71913290242 -1.7781064891
0.00204900143491 -8.41401884395e-06
0.248358875517 -0.15400287151
0.718923813165 -1.77685652757
0.527803147145 -0.851219074461
0.280281202056 -0.201151514789
0.24679187237 -0.151874780763
0.201797169945 -0.0978794037749
0.25529499021 -0.163629037673
0.858688414092 -2.74099216338
0.997921245119 -3.979247003
0.312517079609 -0.256379014475
0.441821455366 -0.562904970209
0.241612254554 -0.144961909743
0.0206255893782 -0.000868378742013
0.389374693843 -0.421293564481
0.0255362768767 -0.00133750735913
0.11526396384 -0.0296343063649
0.0439514104952 -0.00403325717641
0.840533945799 -2.60066457822
0.290701104043 -0.218146896865
0.868463612585 -2.81849905744
0.707831689318 -1.71133513662
0.92869669407 -3.32691519716
0.922535010301 -3.27242699241
0.708933176584 -1.71777262955
0.260473689562 -0.171037564643
0.374322379682 -0.385132528227
0.989392262966 -3.89482043509
0.226767180017 -0.126168965782
0.160571160152 -0.0598462386919
0.440378889679 -0.5586756303
0.92698921364 -3.31175835686
0.41473985704 -0.486696397781
0.054245970415 -0.00620450174314
0.5724421314 -1.03054710459
0.429395195237 -0.527104440275
0.960030382838 -3.61295668221
0.866873993121 -2.80580154058
0.40366461175 -0.457440593776
0.739860283926 -1.90477551499
0.580822941719 -1.0665979627
0.0681286889393 -0.00991547762019
0.224968059151 -0.123992804621
0.0993733126964 -0.0217127444642
0.809271768662 -2.36985941221
0.581512227662 -1.06959718725
0.752812961695 -1.98673410822
0.0319841487841 -0.00211141020525
0.791194613586 -2.24253595104
0.600791855857 -1.1556143751
0.789829264013 -2.23309933277
0.419592096051 -0.499859747753
0.683142725618 -1.5709915042
0.0194777374546 -0.00077354352867
0.576318493906 -1.04712632728
0.620986668738 -1.25018416168
0.727798615117 -1.83039814487
0.315976281099 -0.262776802653
0.750118996716 -1.96950869611
0.889075764588 -2.98646146904
0.558449474934 -0.972054234557
0.10557369059 -0.0246450156459
0.859796272724 -2.74970741517
0.0590811408785 -0.00739361745515
0.8130006692 -2.39667842416
0.192054292524 -0.0879374905871
0.446412199437 -0.576493188806
0.0940372591722 -0.0193491563406
0.669062050192 -1.49429131495
0.947654702333 -3.49818040944
0.259871365888 -0.17016610543
0.0912314570518 -0.018165028962
0.908363018937 -3.14926986666
0.0997555630666 -0.0218877143299
0.547602628634 -0.928154987573
0.442704121459 -0.565502329748
0.556887422563 -0.965655068945
0.874041978882 -2.8633464189
0.90093033901 -3.08587707456
0.0940736235427 -0.0193647675766
0.937951390658 -3.40983636795
0.413893836232 -0.484422955063
0.646960342295 -1.37869581468
0.869184872397 -2.82427233157
0.413302178743 -0.482836856189
0.929724872363 -3.33606335156
0.0964792902848 -0.0204126142817
0.0893346826263 -0.017387275056
0.632407132449 -1.30572583786
0.511613752002 -0.791325661094
0.483503250332 -0.69361311097
0.832284592428 -2.5384384362
0.59053460343 -1.10933782046
0.941053298686 -3.43792104982
0.837692403945 -2.57912250202
0.156489488524 -0.0566424496923
0.6667356195 -1.48184925845
0.439073311857 -0.554864570934
0.662787452962 -1.46088251477
0.927602564984 -3.31719783244
0.377023488414 -0.39147871919
0.806447234327 -2.34967172009
0.769620752842 -2.09634973695
0.0289048551288 -0.00171928077243
0.587552157358 -1.0961016932
0.127862152975 -0.0368782280008
0.276330402104 -0.194917327368
0.760263188007 -2.03486465033
0.615860352215 -1.22573986979
0.232595930867 -0.133369017179
0.0970090495007 -0.0206473682982
0.162484238254 -0.0613817896027
0.0266361556219 -0.00145676546698
0.194645485595 -0.0905227446203
0.849051989758 -2.66592352001
0.571558722449 -1.02679163682
0.895101620335 -3.03673702948
0.224653231816 -0.123614230547
0.789264034938 -2.22920010552
0.198150695691 -0.0940876546347
0.275060838164 -0.192938290807
0.272035218026 -0.188269251139
0.955456505542 -3.57026127908
0.430023152768 -0.528879510897
0.565169872828 -0.999883684059
0.314560431006 -0.260146947127
0.395075673469 -0.435500180825
0.71974468671 -1.7817669832
0.155857477116 -0.0561551467318
0.258567122586 -0.168287935697
0.176462542787 -0.0732678024904
0.554970223721 -0.957836620357
0.799778648244 -2.30244201679
0.168019442817 -0.0659476232343
0.123359689266 -0.034189705878
0.897376404953 -3.05585528584
0.215610052627 -0.113021818229
0.736123217713 -1.88153184161
0.916776428956 -3.22202075178
0.971682713357 -3.72319666986
0.195453465106 -0.0913375628821
0.287107670569 -0.212194667268
0.922940677588 -3.27599671128
0.351011132639 -0.332912962047
0.576598479265 -1.04833016921
0.859848330867 -2.75011737593
0.18493911112 -0.0810557002268
0.904042094406 -3.11231715586
0.157908183227 -0.0577448679673
0.349279104242 -0.329213017539
0.912207329428 -3.182380385
0.902147654386 -3.09620330782
0.700519181587 -1.66898177379
0.587856549036 -1.09744807722
0.541287506633 -0.903170326409
0.0622105577907 -0.00822183581728
0.76926149798 -2.09396787634
0.542198769033 -0.906749661898
0.313222939974 -0.257676954853
0.305376133539 -0.243464613813
0.943224459581 -3.45766626413
0.271604810022 -0.187610469996
0.0530100814992 -0.00591806142702
0.838164029619 -2.58269009328
0.0643306545547 -0.00880932245317
0.565321994797 -1.00051924988
0.245122742958 -0.149626796257
0.528135359985 -0.852476296172
0.370888904384 -0.377155060391
0.205034513545 -0.101317257545
0.29025450131 -0.217401885157
0.206810169983 -0.103231619401
0.854582331427 -2.70884361013
0.204340629335 -0.100574709474
0.389560521947 -0.421752184628
0.40767338326 -0.467903840342
0.370502500063 -0.376263519475
0.672842224692 -1.51464708709
0.833828712189 -2.55001335575
0.708196367798 -1.71346477119
0.704819051497 -1.69380556361
0.412270998299 -0.480079991673
0.452372094863 -0.594428338826
0.121629433986 -0.0331861418121
0.164552303541 -0.0630662382334
0.459414941587 -0.616054331276
0.428006340598 -0.523191328264
0.810998702907 -2.38225613549
0.127459034144 -0.0366329600961
0.370092054437 -0.375317889844
0.376175440448 -0.389479563853
0.475522024181 -0.667293608133
0.63310344938 -1.30916097605
0.49426449649 -0.730089840369
0.261880222303 -0.173082648095
0.115647454249 -0.029842082632
0.277631135257 -0.19695718132
0.24509234706 -0.149586038506
0.371864031265 -0.379410557372
0.16960479409 -0.0672892028395
0.697431036271 -1.65129503165
0.00553502712359 -6.16121985144e-05
0.407606628046 -0.467728435527
0.977653517763 -3.78050778166
0.337138941374 -0.303965553219
0.916969867744 -3.2237058804
0.761915307787 -2.04563630512
0.632963239464 -1.30846882691
0.688066404128 -1.59838070716
0.830648381521 -2.52620958176
0.674715944712 -1.52480075269
0.867544229631 -2.81115079637
0.742746323854 -1.92284905407
0.144600192043 -0.0478653842422
0.794206122478 -2.26343898257
0.36722670477 -0.368755952419
0.67694266162 -1.53692253454
0.895219972977 -3.03772983303
0.846782201581 -2.64843377761
0.682621885752 -1.56811152078
0.178428195693 -0.0750343437274
0.442129199705 -0.563809724563
0.376830190742 -0.391022507605
0.825746832592 -2.48979955241
0.213734346697 -0.11089252534
0.458003687423 -0.611683220355
0.787392284267 -2.2163185637
0.565417822934 -1.0009197481
0.30386618457 -0.240784076787
0.755565878579 -2.00443418432
0.955557212196 -3.5711978497
0.718480120678 -1.7742059073
0.183154965715 -0.0793796211887
0.581115164815 -1.0678688487
0.677695037953 -1.54103189417
0.409548888076 -0.472848092394
0.551797799581 -0.944985306979
0.655820854922 -1.42434039035
0.367475104346 -0.369322075862
0.649745145606 -1.39294170586
0.624554562402 -1.26737480234
0.245361333297 -0.149946943961
0.508065382077 -0.778555138522
0.445556774727 -0.573946288942
0.857607450025 -2.73250540688
0.183339000535 -0.0795515952292
0.126358973966 -0.0359682245399
0.932749357733 -3.36306646633
0.199077168389 -0.0950429787306
0.758301455201 -2.02212086311
0.150177157634 -0.051880301888
0.671850430848 -1.50928973084
0.0984985133732 -0.021315170983
0.714231536389 -1.74895051078
0.332279339909 -0.294192750714
0.306098930174 -0.244753940633
0.114365983568 -0.0291508740453
0.873544095751 -2.85932538633
0.107830290567 -0.0257623088359
0.164460418645 -0.0629908559098
0.11659684076 -0.0303598734398
0.932030804943 -3.35663853151
0.56943572019 -1.0178011604
0.74413863435 -1.93160670269
0.94191929844 -3.4457880724
0.118696032544 -0.0315220532992
0.384795347634 -0.41008625827
0.196055578001 -0.0919474654709
0.0498230027877 -0.00521201764269
0.835280065589 -2.56092333133
0.239729995149 -0.142495732412
0.550610563375 -0.940203388178
0.576405132502 -1.04749875237
0.514046308339 -0.800154115717
0.519280029142 -0.81935303314
0.1047699157 -0.024253533722
0.354407846578 -0.340240583082
0.37244273827 -0.38075292762
0.756539402724 -2.01071721629
0.372446121888 -0.380760784607
0.573431424188 -1.03476276499
0.972707599825 -3.73299434025
0.604844342773 -1.17422184929
0.827014830217 -2.49918648278
0.682192484812 -1.56573963613
0.514453500426 -0.801637808642
0.0455813486676 -0.00434472372286
0.979591402222 -3.79922910832
0.116970901189 -0.0305652200428
0.899647145339 -3.07501577083
0.330605016594 -0.290869397049
0.851743068335 -2.686754216
0.668325278779 -1.49034392784
0.320552347474 -0.271383563336
0.0452241906992 -0.00427544235893
0.960917216355 -3.62127248028
0.765383930958 -2.0683681662
0.308474390682 -0.249019555099
0.285839257371 -0.210116629814
0.871700430663 -2.84446672073
0.14077650574 -0.0452158736356
0.731234275789 -1.851394282
0.780821306029 -2.1714690774
0.691427090004 -1.61724590417
0.993566454847 -3.93599513992
0.0754490621072 -0.0122441187185
0.0180348063841 -0.000662240277158
0.984303747273 -3.84500071728
0.605601662492 -1.1777196528
0.0745207742381 -0.0119343708423
0.875352158639 -2.87394493319
0.247043171028 -0.152214908392
0.968295151234 -3.69092935256
0.933938726915 -3.37372340864
0.912725432728 -3.18685961343
0.769991700796 -2.09881091532
0.332213411922 -0.29406146756
0.677342620682 -1.53910619247
0.917167652036 -3.22542944506
0.560776207937 -0.981634448964
0.732180609364 -1.85720401773
0.376985563208 -0.391389184885
0.903315027603 -3.106126528
0.778415344851 -2.15519201718
0.76542682268 -2.06865025192
0.549920048727 -0.937429029515
0.804997953593 -2.33935570386
0.0511900724638 -0.00550912637734
0.984459655281 -3.84652106526
0.796476477293 -2.27927873609
0.841707514445 -2.60959471751
0.884179913646 -2.94600618667
0.437912662218 -0.551489832131
0.0988144267072 -0.021458287471
0.21654760748 -0.114094808623
0.905040842529 -3.12083381867
0.818078446472 -2.43350652587
0.967387228456 -3.68231165408
0.885201589353 -2.95441951232
0.0313402332181 -0.00202598583095
0.300958034362 -0.235670469302
0.365688719076 -0.365262295557
0.399930555274 -0.44782224272
0.0171199829611 -0.000596223155471
0.667726250257 -1.48713933265
0.992740680097 -3.92782761768
0.38981810241 -0.422388383604
0.808811301472 -2.36656087599
0.115926065909 -0.0299935321751
0.208785311214 -0.105385061211
0.747091462304 -1.95026301032
0.810166123607 -2.376274392
0.267449664763 -0.181319633376
0.0793075467436 -0.0135770132278
0.752341278755 -1.98371130804
0.905630999359 -3.12587325201
0.608128852526 -1.18943867996
0.543456892875 -0.911705769573
0.924267738811 -3.28769168529
0.432806227077 -0.536790050178
0.557342672774 -0.967517371615
0.0113666012423 -0.000261336368811
0.530439566701 -0.861227728167
0.0984520827841 -0.021294180387
0.191985320194 -0.0878692556496
0.0772710256217 -0.0128643642427
0.952971209945 -3.54719772838
0.74393702048 -1.930336998
0.929317769312 -3.3324392613
0.360956489455 -0.354636918634
0.757220796232 -2.0151222383
0.3167713482 -0.264260437553
0.866374681207 -2.80182066454
0.240313182367 -0.143257228366
0.971259857813 -3.71915906585
0.691829188795 -1.61951237805
0.328314669633 -0.286359464027
0.189840094777 -0.0857619168394
0.583064254871 -1.0763694762
0.113045298183 -0.0284477447491
0.486016964588 -0.702031534381
0.901831493554 -3.09351927008
0.686005013699 -1.5868776263
0.452898919303 -0.596029787967
0.198993648605 -0.0949566332891
0.541483137882 -0.903938008806
0.224272480694 -0.123157270968
0.762076145889 -2.0466868687
0.808693023284 -2.3657140646
0.437025851679 -0.548919719039
0.156655789083 -0.056771063305
0.264131533531 -0.176385453585
0.283227288029 -0.205875074737
0.899213515385 -3.07135091651
0.69318477617 -1.62716795523
0.146487651562 -0.0492041133525
0.665016970476 -1.4726994218
0.866155537259 -2.80007462376
0.927632602253 -3.31746436263
0.327112276561 -0.284008507412
0.914630711256 -3.20336610792
0.0262790541332 -0.00141747340721
0.701871852527 -1.67676617038
0.532234767938 -0.868084078124
0.700638043486 -1.66966489415
0.0176654785994 -0.000635163969517
0.333991918389 -0.297615201915
0.638407351392 -1.3355115316
0.0906384427503 -0.0179199035555
0.860721593662 -2.75700015517
0.619618402332 -1.24363035374
0.514374300319 -0.801349093715
0.520132100769 -0.822505179237
0.558011932067 -0.97025914843
0.845285867292 -2.63694375761
0.124530649746 -0.0348781788765
0.647954502887 -1.38377104115
0.475615127359 -0.667597056261
0.233991473089 -0.135127025662
0.931135156513 -3.3486373338
0.977979012962 -3.78364816357
0.116247027893 -0.0301685215339
0.142293994602 -0.0462573801344
0.877800418801 -2.8938165406
0.757271388432 -2.01544954526
0.184300728338 -0.0804537135813
0.880022437405 -2.91192723649
0.192471420354 -0.0883507981729
0.272428840224 -0.188872906152
0.473190222086 -0.659721058443
0.829578833699 -2.51823611706
0.110680326341 -0.0272119670771
0.759734384255 -2.03142447299
0.0801392813023 -0.0138739665344
0.928531567328 -3.32544748433
0.305149092217 -0.243060443467
0.924525654733 -3.28996770106
0.80740886492 -2.3565324831
0.463594045713 -0.629109623103
0.867690518875 -2.81231921281
0.68911283341 -1.60423997131
0.185486318795 -0.0815737272366
0.933155740717 -3.36670530614
0.4207795237 -0.503113395257
0.689685907555 -1.60745447405
0.42291181184 -0.508988078409
0.231924760569 -0.132528234886
0.052864383436 -0.0058847602342
0.874534383231 -2.86732673586
0.217031129226 -0.114650444433
0.741463448778 -1.91480191439
0.289934707695 -0.216869330373
0.398103745657 -0.443161396679
0.590721622418 -1.11017109513
0.0120565521919 -0.000294225993236
0.312825560358 -0.256945775499
0.822096842295 -2.46290358721
0.15642952584 -0.0565961155978
0.34189533312 -0.313714782554
0.235798207261 -0.137422724448
0.759790384823 -2.03178861572
0.27850259374 -0.198330769759
0.342136409866 -0.314213790361
0.325999009335 -0.281842028473
0.123145751992 -0.0340647326427
0.186175442312 -0.0822287546148
0.976487722202 -3.76927384322
0.909489834496 -3.15895213058
0.232013960067 -0.132639799923
0.55944131899 -0.97613101299
0.795959290201 -2.27566429695
0.0908845366428 -0.0180214103653
0.445443772256 -0.573610352477
0.307074030171 -0.246499679724
0.387744702909 -0.417283604294
0.704775509753 -1.69355303786
0.343443810106 -0.316928203826
0.534554449614 -0.876993140305
0.351646111414 -0.334275566489
0.195854197564 -0.0917432235226
0.946950692007 -3.49172216689
0.599025959029 -1.14756368436
0.406857797274 -0.465763535346
0.442368592765 -0.564514138674
0.19201256213 -0.0878962027549
0.387115831276 -0.415742658412
0.191805988438 -0.0876919814952
0.860493476901 -2.75520115747
0.202977901325 -0.0991254474619
0.112275651948 -0.028042297812
0.643594530316 -1.36159946479
0.687584801788 -1.59568858528
0.725202345024 -1.8146314562
0.401509282757 -0.451873793647
0.9146027417 -3.20312339904
0.779332843487 -2.1613900562
0.747162236746 -1.9507115574
0.275296892054 -0.19330536781
0.177420995476 -0.0741262098503
0.825294728043 -2.48645805195
0.812227718639 -2.39110351203
0.0993658921102 -0.0217093553021
0.386366898039 -0.413911981707
0.364670494285 -0.362960236117
0.738069228427 -1.89361316621
0.635623808289 -1.32164169501
0.0726047023701 -0.0113083486845
0.260708811147 -0.171378446698
0.191533561939 -0.0874230684931
0.719275120799 -1.77895700371
0.404680051113 -0.460077508527
0.916135038219 -3.2164373365
0.876297054439 -2.88160398577
0.88007283476 -2.91233883641
0.911987717827 -3.18048295802
0.775306596687 -2.13427472271
0.241548753727 -0.144878311612
0.687794101683 -1.59685820721
0.300272183242 -0.2344738804
0.137443010339 -0.0429739188463
0.807988895903 -2.36067683962
0.416918439868 -0.492580319187
0.0677136495435 -0.00979122956957
0.231253413197 -0.131690287559
0.0759556528703 -0.0124149384084
0.923984265533 -3.28519129302
0.806907086487 -2.35295096125
0.294391294391 -0.224360038166
0.893850764989 -3.02625682364
0.333835643923 -0.297301926994
0.4342161887 -0.540824849417
0.870676724915 -2.8362375883
0.976614550862 -3.77049496444
0.541885555176 -0.90551840979
0.471201473073 -0.653304163109
0.489761158578 -0.714686077636
0.179278437998 -0.075805806561
0.536028380226 -0.882683084559
0.445512542713 -0.573814780732
0.283648221929 -0.206555208314
0.226393821191 -0.125715575844
0.671314140864 -1.50639780539
0.833283149947 -2.54591993853
0.0494037523711 -0.00512262401169
0.660781090176 -1.45029917251
0.293313330047 -0.222534500249
0.696318944906 -1.64495465504
0.276977963573 -0.195931306419
0.898068842447 -3.06168999004
0.543888136706 -0.913408393083
0.84304934991 -2.61982906187
0.240037831031 -0.142897397118
0.586806270081 -1.09280681544
0.46447324937 -0.631877442671
0.755672950291 -2.00512460861
0.630466416161 -1.29618134978
0.412988439614 -0.481997065779
0.532910926729 -0.870675182607
0.252837434912 -0.160179697321
0.23011412848 -0.130275266609
0.148378494229 -0.0505658096463
0.140923384798 -0.0453161086097
0.62009160045 -1.24589448439
0.667310209419 -1.48491619491
0.611031284618 -1.20298680238
0.803898502366 -2.33154892374
0.936379024498 -3.39565624502
0.212298023064 -0.109277636314
0.910879709246 -3.17092083958
0.0335078122928 -0.00232079033564
0.413642457951 -0.483748683832
0.566638346929 -1.00602939838
0.59653763126 -1.13627864832
0.00822780942851 -0.000136507689512
0.246930906996 -0.152062906963
0.579126232247 -1.05923742846
0.890841661268 -3.00113959426
0.0226440786844 -0.00104873029634
0.806859595375 -2.35261216451
0.292923969589 -0.221877265273
0.864073150429 -2.78351757334
0.21109774525 -0.107938500495
0.546463433162 -0.923616884396
0.922178476428 -3.26929167674
0.667226575504 -1.48446954329
0.554751665079 -0.956947814964
0.532911615473 -0.870677824361
0.643760142131 -1.36243756531
0.836081880261 -2.56696332135
0.566659192197 -1.00611680551
0.943387703072 -3.45915376862
0.153888953084 -0.0546523576218
0.342347880247 -0.314651903429
0.361429956138 -0.355691582841
0.646633067045 -1.37702760674
0.307806151968 -0.247815212609
0.51096397098 -0.788977577658
0.00435124429429 -3.80314208786e-05
0.244962258208 -0.14941167528
0.149099608311 -0.0510905616935
0.368485386523 -0.371629942503
0.0394250453148 -0.00323122778854
0.42550690912 -0.516193527678
0.611864665417 -1.20689452828
0.425601607338 -0.51645762165
0.709000101677 -1.71816425302
0.692542076661 -1.62353553825
0.767588013486 -2.08289516568
0.777696347631 -2.15034277707
0.563480584882 -0.992842596548
0.742749156335 -1.92286684498
0.58233946732 -1.07320356326
0.943798689375 -3.46290055878
0.669300823493 -1.49557198714
0.291546466782 -0.219561200435
0.291156556615 -0.218908209946
0.900715373068 -3.0840558439
0.0300387365555 -0.00185886083531
0.77347702235 -2.12202450593
0.210577255034 -0.107360722604
0.630283366182 -1.29528335516
0.927724907454 -3.31828350135
0.825009560146 -2.48435184036
0.965432398702 -3.66380072853
0.567719044794 -1.01056710326
0.990864665792 -3.9093127678
0.989891431865 -3.899729718
0.0818128637636 -0.0144818927468
0.451828163855 -0.592777634504
0.377881553743 -0.393507728683
0.11430348868 -0.0291173909383
0.104206076765 -0.0239809409446
0.365879646319 -0.365694922401
0.451898691611 -0.592991512536
0.629333089571 -1.2906277754
0.756517812139 -2.01057773835
0.907213368882 -3.13941089332
0.556153774021 -0.962658574123
0.151867051107 -0.053132404632
0.327368492893 -0.284508508251
0.163066183778 -0.0618532094893
0.786731284017 -2.21178076733
0.406141916444 -0.463889751287
0.910475500057 -3.16743707671
0.532200783208 -0.867953970791
0.304483180751 -0.241877290577
0.435652613037 -0.544954204869
0.325512480995 -0.280898297809
0.881727665202 -2.92587454496
0.955126691332 -3.56719510894
0.710069881271 -1.72443185627
0.52267957839 -0.831973671829
0.200428313023 -0.0964460327481
0.279718633196 -0.200256805526
0.718680472607 -1.77540250259
0.702180838233 -1.67854751974
0.836700938729 -2.57163279851
0.715582223604 -1.75695492569
0.474795182732 -0.664927529254
0.661419952983 -1.45366388767
0.167913404785 -0.0658584301906
0.0716916947821 -0.0110163456799
0.00272403125311 -1.48811190461e-05
0.778161889654 -2.15348181467
0.927237176326 -3.3139567162
0.277675029884 -0.197026234582
0.880188862844 -2.91328658922
0.792838648598 -2.25393208928
0.680543155243 -1.5566501062
0.664170069243 -1.46820366209
0.614114507576 -1.21748340653
0.470552262254 -0.651217691834
0.872758138093 -2.85298509575
0.594574991397 -1.12742645347
0.362583259612 -0.35826843163
0.632372849053 -1.30555685286
0.508432630566 -0.779870952547
0.411065502178 -0.476869154903
0.693465508088 -1.62875619581
0.647442058707 -1.38115354206
0.666086930773 -1.47839157289
0.758730774437 -2.02490548981
0.57238272314 -1.03029428765
0.800355103985 -2.30650078962
0.368709516312 -0.372143104312
0.977919297306 -3.78307190129
0.629594783175 -1.2919088192
0.142766329161 -0.0465842402974
0.936078894378 -3.39295385425
0.162067935117 -0.0610457890084
0.8004374443 -2.30708090927
0.0500645614861 -0.00526389030687
0.19400775665 -0.0898825389263
0.392293595054 -0.428531998172
0.298096726406 -0.23070205547
0.344598252745 -0.319336587757
0.142763105867 -0.0465820054282
0.436246908939 -0.546668221039
0.800924210806 -2.31051225398
0.217400619157 -0.115076082047
0.658658856684 -1.4391568847
0.355483157536 -0.342580137609
0.413395616569 -0.483087133094
0.910650856885 -3.16894812729
0.472867238776 -0.658676319817
0.505928695493 -0.770926598158
0.361086665012 -0.354926703195
0.426455849653 -0.51884362136
0.793626757527 -2.25940805915
0.445177480542 -0.572819185985
0.536179636868 -0.883268275497
0.933244030917 -3.36749620725
0.187215134793 -0.0832226096322
0.820032967675 -2.44777714628
0.82896348003 -2.51365589896
0.151624284322 -0.052951508616
0.032928319486 -0.00223995510447
0.132876529572 -0.0400045259732
0.711240873953 -1.73130887216
0.576398292072 -1.04746934508
0.309259336417 -0.250438627251
0.556574220918 -0.964375133282
0.453985390567 -0.599340730851
0.319927798055 -0.270199241069
0.0770158709865 -0.0127765194785
0.371759319772 -0.379167971184
0.703847689938 -1.68817764342
0.374559643387 -0.385687488152
0.254691122279 -0.162777522804
0.745855846978 -1.94244251317
0.390333384115 -0.423662808006
0.752084480591 -1.98206682477
0.442086376122 -0.563683772402
0.764605192328 -2.06325085768
0.397104829196 -0.440625195068
0.689163836893 -1.60452589802
0.890855904003 -3.00125816594
0.0935108164943 -0.0191239137815
0.905172673841 -3.121959096
0.154463512955 -0.0550886364236
0.656383770234 -1.42727162034
0.0143736366959 -0.000419142091577
0.102479880119 -0.0231567648502
0.94980258054 -3.51793107976
0.134547637541 -0.0410775832673
0.526248351273 -0.845350278142
0.345836916679 -0.321932730985
0.607742075768 -1.18764045615
0.181070595426 -0.0774464851291
0.559409282761 -0.97599916977
0.989328053457 -3.89418922724
0.592857200408 -1.11971381469
0.538226444959 -0.891210580463
0.753896506151 -1.99368903297
0.826781194298 -2.49745520464
0.858976538874 -2.74325708039
0.452877461384 -0.595964508707
0.424495678165 -0.513378501084
0.475907419091 -0.668550259897
0.409627646122 -0.473056401783
0.0622075061886 -0.00822100561088
0.948486298225 -3.50581887416
0.0545110131624 -0.00626685467271
0.775574271344 -2.13607071499
0.681560756887 -1.56225424089
0.561555199031 -0.984854879782
0.575892930774 -1.04529818905
0.0239650271627 -0.00117617236373
0.895720477813 -3.04193061144
0.222513311453 -0.121058583035
0.194574955014 -0.0904518134466
0.134451056571 -0.0410151400155
0.399522485197 -0.446778565176
0.424066045454 -0.512185321236
0.758562946577 -2.02381664652
0.46865022883 -0.645128220046
0.337913646783 -0.305541032464
0.917528486577 -3.22857540165
0.975050037077 -3.75544931323
0.704432516667 -1.69156463251
0.699397440769 -1.66254356066
0.225241877442 -0.12432260599
0.00461323329275 -4.27601997634e-05
0.497156014644 -0.740086446512
0.89638367029 -3.04750253209
0.349253561125 -0.32915863657
0.149706180512 -0.0515342929824
0.166639123886 -0.064791864773
0.92789259421 -3.31977192413
0.373289294407 -0.382721711437
0.056037972906 -0.00663245579764
0.952098638666 -3.53912288678
0.621910986122 -1.25462364662
0.110602202526 -0.0271716540949
0.451889882991 -0.59296479751
0.257711431411 -0.167062266939
0.498536015991 -0.744886765941
0.523057926002 -0.833385599086
0.618353669351 -1.23759149757
0.298100617866 -0.230708770461
0.19352185664 -0.0893964794705
0.767807323812 -2.08434413781
0.561176906674 -0.983290165996
0.871227004036 -2.84065916386
0.509071415734 -0.78216290097
0.283666228795 -0.206584332573
0.146035533755 -0.0488815719697
0.23738950516 -0.139463144868
0.0416537922168 -0.00361461867059
0.168294808643 -0.0661795609655
0.876015741472 -2.87932238968
0.807473093495 -2.35699117336
0.21227329584 -0.109249953351
0.203629951054 -0.0998174096993
0.869743850214 -2.8287517938
0.230042372461 -0.130186437752
0.258483883502 -0.16816847807
0.211960103118 -0.1088996699
0.137284972837 -0.0428691922653
0.209590365254 -0.106270064352
0.588108328154 -1.09856251955
0.35098037442 -0.332847041921
0.379488413375 -0.397324269575
0.343025229792 -0.316057641416
0.23981193142 -0.142602579321
0.24768683064 -0.153088095009
0.445690846003 -0.574345014066
0.612293381578 -1.20890784822
0.989831746551 -3.89914250987
0.384203372486 -0.40865069713
0.374925962191 -0.38654524718
0.0510090584004 -0.00546929146831
0.789441571989 -2.23042437942
0.159745599843 -0.0591902995722
0.273075622668 -0.189867251251
0.970483815764 -3.7117563694
0.565206714368 -1.00003758517
0.425299081087 -0.515614224024
0.698032541525 -1.65473077265
0.912991424567 -3.18916078778
0.206489100592 -0.102883958073
0.16083822046 -0.0600592926713
0.297319808255 -0.229363724883
0.69782017569 -1.65351724788
0.44304334202 -0.566502459779
0.781248311438 -2.17436598097
0.552636030641 -0.948370527541
0.69944514034 -1.662817014
0.251742837721 -0.158657043645
0.530108472714 -0.85996684302
0.465957241793 -0.636565988262
0.90362318424 -3.10874937703
0.824199091195 -2.4783719967
0.267745169831 -0.18176290279
0.386955212598 -0.415349637186
0.235379943291 -0.13688928327
0.0853644473879 -0.0158182943859
0.802722958943 -2.32322008998
0.995526121019 -3.95542115584
0.131675127374 -0.0392427343749
0.818331988858 -2.43535474327
0.41076101939 -0.476060219849
0.652607085299 -1.40767752012
0.963540867937 -3.64594589792
0.971176507022 -3.71836352745
0.0679722510759 -0.00986854828061
0.497584040526 -0.74157329794
0.175646153318 -0.0725410619528
0.26289416945 -0.174565679174
0.348436709472 -0.327422386978
0.0779793398476 -0.0131099049077
0.290535571967 -0.217870586175
0.602320226642 -1.1626104058
0.762871477925 -2.05188682387
0.0898673195652 -0.0176038314841
0.714159604025 -1.74852487014
0.600803991012 -1.1556698199
0.199311105205 -0.0952850674028
0.971093263286 -3.71756911938
0.621839875058 -1.25428175344
0.937919575021 -3.40954907021
0.770474442807 -2.10201655704
0.430896123816 -0.531353172078
0.743882831756 -1.929995823
0.461645571141 -0.623001966558
0.929861886027 -3.33728363195
0.827022326373 -2.49924204304
0.00290926951962 -1.69769455122e-05
0.850757534591 -2.67911360532
0.3828302708 -0.405332488233
0.849475338023 -2.66919369374
0.592777013083 -1.11935458661
0.949133149677 -3.51176775897
0.654841304452 -1.41924861085
0.784150329848 -2.19411860077
0.764710523047 -2.0639425478
0.100258941901 -0.0221192876413
0.328138006616 -0.286013328082
0.684935263896 -1.58092864389
0.377783299421 -0.393275074854
0.97300097669 -3.73580198325
0.0215933409985 -0.000952681507756
0.146204082748 -0.0490016774936
0.123955252827 -0.034538930701
0.955978294784 -3.57511561183
0.120862805837 -0.032746719371
0.430861046177 -0.531253640944
0.751696432974 -1.97958347622
0.463151041397 -0.627717803237
0.428669405411 -0.525057319764
0.14127029882 -0.0455533413719
0.906028497729 -3.12927046558
0.825060251071 -2.48472615408
0.261746761315 -0.172887991
0.480807821461 -0.684654935215
0.656705761212 -1.42894999358
0.0275787720451 -0.001563129538
0.0189310137916 -0.000730335684105
0.409731690287 -0.473331675932
0.0700666718178 -0.0105066390182
0.478479202318 -0.67697299729
0.901097736282 -3.08729576878
0.475893967497 -0.668506374186
0.579918464731 -1.06267030382
0.642137329835 -1.35423896387
0.835284230053 -2.56095467853
0.476151149811 -0.669345733705
0.953454075638 -3.55167125534
0.278103505927 -0.197701038003
0.613725354995 -1.21564774816
0.6977720314 -1.65324221395
0.396246271575 -0.438452347548
0.557937152997 -0.969952560848
0.599838372571 -1.15126312521
0.95659300933 -3.58083985599
0.131880397982 -0.0393723223964
0.862173378234 -2.76846684569
0.480731263909 -0.68440153628
0.530624648285 -0.861933058231
0.8943983932 -3.03084225213
0.0711785476552 -0.010854007237
0.25945087608 -0.169559259602
0.0632861950174 -0.00851722541566
0.732200713494 -1.85732756528
0.955037939345 -3.56637029921
0.317974013376 -0.266514044424
0.549801289484 -0.93695238654
0.263646946166 -0.175671471158
0.0181340749798 -0.000669615938749
0.789575165133 -2.23134590149
0.650410785676 -1.39636038018
0.788918950026 -2.22682165665
0.433291040554 -0.538175347175
0.128172620229 -0.0370677373068
0.523109134144 -0.833576811946
0.0559331291024 -0.00660700512146
0.282183998548 -0.204195005171
0.783358919451 -2.18872067007
0.358066690547 -0.348240227277
0.936291756473 -3.39487033665
0.527886994573 -0.851536277902
0.0742075898015 -0.0118308204902
0.231259390009 -0.131697734086
0.93960641824 -3.42480270288
0.249266592406 -0.155243446372
0.819890398506 -2.44673441396
0.58959161736 -1.10514219279
0.96451676096 -3.65515074055
0.574696544619 -1.04016932482
0.754167972063 -1.99543388466
0.00755889118231 -0.000115137454062
0.298011512904 -0.230555042235
0.390696742316 -0.424562872581
0.420715564103 -0.502937815857
0.599936503915 -1.15171048043
0.779490124754 -2.16245367699
0.578794929033 -1.05780387465
0.493238964694 -0.726564316306
0.52229590494 -0.830543371092
0.135518644926 -0.0417082882306
0.370759585588 -0.376856545964
0.66672636287 -1.48179988261
0.846164533228 -2.64368699839
0.724043357253 -1.80762078352
0.567663299537 -1.01033272766
0.776918156901 -2.14510207596
0.313070062803 -0.257395515563
0.383051548308 -0.405866126848
0.83406801055 -2.55181015447
0.45545315581 -0.603831352557
0.791552119124 -2.24501100634
0.266090588254 -0.179289065389
0.74135534144 -1.91412475544
0.045277640192 -0.00428577358654
0.0665618249288 -0.00945075428302
0.519746510681 -0.821077810109
0.413783157049 -0.484126010807
