1.87270059424 0.680356290313
4.75357153205 -0.982942525613
3.65996970906 -0.221672517592
2.99329242099 0.152387086229
0.780093202212 0.707591581209
0.779972601681 0.984803416884
0.290418060841 0.518956270437
4.33088072887 -0.870372291148
3.00557505872 0.528170742048
3.54036288898 0.0515001477922
0.102922471479 0.599135294506
4.84954926081 -0.953819239529
4.162213204 -0.450553861688
1.06169555339 0.801264788417
0.909124836036 0.889793473892
0.917022549267 0.771534075437
1.5212112148 0.862869685167
2.62378215816 0.700795477443
2.15972509321 0.641740351188
1.45614570099 0.771272209608
3.05926447361 0.354607806351
0.69746930326 0.747971991915
1.46072324268 0.828413039526
1.83180921647 0.651653071205
2.28034992109 0.814791555887
3.92587980697 -0.677397450844
0.998368910792 0.897266687248
2.57117219207 0.852628757113
2.96207284431 0.37433292729
0.2322520636 0.668801925403
3.03772425951 0.272132907667
0.852620618436 0.986594405948
0.325257964926 0.332398556811
4.74442768627 -0.656182072337
4.82816016537 -0.918337181126
4.04198674058 -0.561620051466
1.52306884587 0.74506922314
0.488360570032 0.759369766741
3.42116513256 0.103561646208
2.2007624687 0.727848140015
0.610191174224 0.989146951934
2.47588455056 0.910811618579
0.171942605576 0.458669651009
4.54660201039 -0.774034724135
1.293899908 0.638862863117
3.31261142177 0.00623964978452
1.55855538045 0.969435573466
2.60034010589 0.904414559896
2.73355139672 0.697528869624
0.924272277628 0.937913058392
4.84792313882 -0.808696884952
3.87566411681 -0.42198142444
4.69749470782 -0.720286494011
4.47413675214 -0.498933202904
2.98949989406 0.268996424588
4.60937117512 -0.578443240782
0.44246251026 0.646863764473
0.979914312096 0.922236046256
0.226136444553 0.321341438857
1.62665165382 0.920155277804
1.94338644845 0.715092596917
1.35674515887 0.860259493087
4.14368754576 -0.553410652398
1.78376663347 0.978925672067
1.40467254844 0.831196398502
2.71348041579 0.889037471373
0.704621124874 0.985772803279
4.01098490377 -0.303556785505
0.372753218399 0.718940293604
4.934434683 -0.931390668029
3.86122384648 -0.536053018453
0.993578407671 0.972468284903
0.027610585618 0.455126700452
4.07730714227 -0.400171889222
3.53428671924 -0.259027008151
3.6450358402 -0.12458672676
3.85635173343 -0.456438216286
0.37022325867 0.487249458887
1.79232864272 0.689368276904
0.579345297626 0.988009535001
4.31551712938 -0.776301643854
3.11649063414 0.295677640347
1.65449012426 0.912815625012
0.31779175143 0.430871944506
1.55491160858 0.947356027936
1.62591661013 0.957204178779
3.64803089169 -0.412938495649
3.18778735678 -0.0371173297756
4.43606371288 -0.955398575477
2.36107462581 0.709803137201
0.597971229692 0.636477397047
3.56622393611 -0.398128540913
3.80392524308 -0.491491601809
2.80638598785 0.666370034379
3.85483589977 -0.595460166354
2.46897798182 0.795512412499
2.61366414691 0.594704918481
2.13770509179 0.931914066636
0.12709563372 0.350509666066
0.539457134967 0.581703851716
0.157145928434 0.167539160088
3.18205205632 0.337946956476
1.57177990538 0.617405566905
2.54285345582 0.754863444976
4.53783236963 -0.550010193668
1.24646114574 0.888787122875
2.05191461518 0.980744899903
3.77775569272 -0.390244380824
1.14399082746 0.865159419729
0.384899549144 0.465444856242
1.44875726457 0.694094836347
0.80610643627 0.812391175581
4.64848826171 -0.507222663355
4.04060189782 -0.674068507066
3.16701878255 0.43563902119
4.35730295094 -0.6526851358
4.0183603845 -0.312281043334
0.93285029443 0.973026242577
4.46279499245 -0.605357923736
2.69671120958 0.690383443956
4.03720077582 -0.72181419211
4.48045649962 -0.532505400778
1.59001737486 0.898570595539
0.550259622638 0.532832526703
1.13967581271 0.909864987044
2.13553894313 0.944776298087
4.09007382961 -0.792066150912
4.30365291628 -0.556292399523
0.034760652656 0.0963048492994
2.55373651289 0.722989385901
2.08705501574 0.881584600038
1.11053905235 0.896131340573
0.599326836668 0.913507230265
1.68807585702 0.944290757846
4.71454851956 -0.616347321311
1.6160146601 0.949392726188
2.59395310872 0.567748689333
3.51509479448 -0.050913582661
1.8181480119 0.718282484643
4.8589104136 -0.553062179373
4.81223647471 -0.743090552491
1.25891147913 0.953808452267
2.48624252946 0.656437250459
1.50439154908 0.756611891781
1.42420247189 0.875379743417
0.184434736773 0.234413479768
3.0478216699 0.502919007743
2.51339511614 0.792704430881
0.25739375625 0.649005119154
1.39323232118 0.684604364393
4.54132942983 -0.965571550748
1.19780945333 0.989198460815
0.724474360456 0.944065822915
2.44726380139 0.90001784599
4.92825227055 -0.666760207519
1.21027635756 0.938316219345
3.36067773703 0.244193093239
3.80809807664 -0.385678879166
1.18818771996 0.917544470561
3.64108174306 -0.229425002727
1.8389156636 0.586751098243
3.16152915297 0.153289169838
3.1676485538 0.0112821861463
2.67887342037 0.48283975276
0.451448850272 0.611416252544
4.17651247795 -0.676556524757
1.60390032486 0.667133701782
0.932592551999 0.860064100067
0.203875707774 0.674884147954
2.95446471594 0.661817771283
3.38782180921 -0.00100432867509
0.0829391446393 0.481529847814
2.5604652915 0.625946654188
1.13247887599 0.997477513745
3.22586395205 0.0638351557567
0.871832145025 0.958873795324
3.45468869051 -0.104199153767
1.9336767315 0.903388622213
4.68364994368 -0.59950251088
0.68760472073 0.8337836318
1.70533175525 0.905193040277
0.567367606203 0.767126329083
4.62346809139 -0.667759155645
4.3866967669 -0.63253390478
1.28970813858 0.905947291599
3.29992023017 -0.0941655390504
4.08611100101 -0.78068756574
2.776004058 0.709364221424
2.64825289178 0.611080032105
1.2092614545 0.681664433617
0.465513839029 0.749764887518
4.48607878977 -0.889773653545
4.50209028582 -0.807734799366
3.16550728637 0.234723318559
1.69514895524 0.890868543134
1.74604787306 0.74235937244
3.62977839435 -0.416421145077
4.48555129976 -0.661017703767
4.43543212133 -0.853745955639
3.89937772929 -0.643034040313
3.21015823077 -0.00490710890091
0.420699824975 0.67223259905
0.808143570473 0.937193915606
4.49277094264 -0.939279709101
3.0321452983 0.586392603733
0.0459852580831 0.400723204969
0.50735771433 0.59460691656
3.31750884554 0.229803561085
0.0253079192311 0.297487085852
0.804040257087 0.888554683666
2.74366894683 0.454305989008
3.45947598846 -0.115532622779
3.25980629751 0.157376858919
1.1213465473 0.993346733766
3.56089610674 -0.10814080742
1.18624543748 0.983397493344
1.6269984908 0.745743949854
3.73245702559 -0.406942007128
3.24816449524 -0.030467550322
4.24611705247 -0.398415863745
3.2880644615 -0.136520051962
2.84154301668 0.718765264154
0.46837383914 0.798666039483
1.8385790153 0.921546395387
1.32601183841 0.896139471997
1.2199482169 0.923811390342
4.86505277376 -0.582906519692
1.96548862333 0.656108313118
4.46023277589 -0.776291209243
3.15569312999 0.0842795147884
3.97405651771 -0.698558821326
2.51318546553 0.679014229509
2.88451942313 0.380380249738
2.46258846909 0.943129385432
0.97621493899 0.939694923875
3.61226057631 -0.0904047530474
1.4038618122 0.91623224351
0.121579832157 0.169241012613
3.22736147954 0.201533960992
0.885553397035 0.778080253199
4.70229292176 -0.632809542265
4.76964288501 -0.767132190656
4.5743219511 -0.932053320261
1.85079350128 0.504397265339
0.0772830826443 0.487838153504
4.64159281294 -0.584633615943
2.14092074159 0.869674215872
4.83327409522 -0.772260196166
4.81809988545 -0.549261576754
4.26504727734 -0.600628525511
1.47224446035 0.850928009661
1.92548864301 0.937817882065
4.25568335758 -0.647020750842
1.58461002578 0.918447368452
0.84746373343 0.89005748654
2.78400631229 0.541241344539
4.6807738708 -0.725005301411
3.48014898337 -0.0993242189741
2.85030585045 0.318292613119
0.485882468854 0.916575072115
3.0750361335 0.532650248347
4.95026925052 -0.943783740308
0.700420076183 0.868320670549
2.59164826182 0.582558954965
4.38686535964 -0.865304116306
3.70384308877 -0.402269214519
3.48507870498 -0.31253242763
3.51242041994 -0.0525744316816
1.7974557561 0.73052313911
1.46795922132 0.873902295144
4.04680577739 -0.74569297707
4.0505669734 -0.610210878207
4.3353615929 -0.65006870651
4.56620276278 -0.500032255357
2.5567119943 0.797811650931
2.50758147344 0.745235576143
3.99147589483 -0.407092025197
3.24981965389 0.343021542652
3.50983438629 0.123526523598
3.97896334718 -0.356737637278
4.45002670909 -0.495558242793
1.68997578426 0.93703138394
1.8779147632 0.707492657927
0.469909699204 0.801018472745
2.89140070498 0.457868260463
0.179711368984 0.408643399838
2.32799009066 0.924782193329
2.71322317354 0.58221243904
1.43270626064 0.790403305618
2.95416630285 0.649999430637
0.152501249695 0.24438712565
0.186740943746 0.203397667482
4.1130028033 -0.410780967368
1.80095320706 0.841536671219
0.635302563259 0.870659951606
2.61121630027 0.716314245325
3.84996776549 -0.172235084436
1.07910513748 0.722490161338
3.1144523791 0.303803798555
0.426737324969 0.737328641208
0.258408605843 0.473620800024
2.65677315784 0.605045233698
2.70317560805 0.497160668872
3.18714950749 0.380251542478
3.63045666861 -0.460413694498
4.87926039731 -0.667799764112
2.58150174151 0.626845526563
1.61478236471 0.978610298526
3.97593097384 -0.57836288665
1.35416125631 0.846973349398
2.19485710353 0.938387647804
0.392281906711 0.575773507691
0.126753717077 0.376704243544
4.81324207339 -0.806564755022
4.17990060256 -0.43124562886
3.47987103047 -0.210456394624
2.04476472207 0.620229885074
0.866471600354 0.783134199683
0.782185213355 0.854584165897
1.25121449082 0.594976251832
2.74613332353 0.408326968157
3.5729796135 -0.0275415660119
3.30098688359 0.118967621326
1.39966948473 0.588384391291
4.77432640332 -0.767415964014
3.68948458348 -0.505573659596
2.77177026256 0.574079766641
3.05860373117 0.500267500147
2.09800031214 0.985039551444
1.23865494751 0.859392136903
1.77986339326 0.930050760205
3.78923055232 -0.392363534249
0.0719674431488 0.133876654915
0.580363202535 0.918484213846
0.230013210109 0.30130843109
0.203644011595 0.437717002477
4.27730292006 -0.650861973235
3.5182892969 -0.275448598327
2.37086914544 0.924571203218
0.489170803255 0.937490211561
2.45807937558 0.66128561978
2.3673588539 0.75027698286
0.86600934955 0.909739590993
2.16925824619 0.639264577084
1.99252367199 0.984179622363
3.07925049026 0.267010233814
3.17546825434 0.00242302930289
0.22652004886 0.286554205691
1.87306307313 0.674271409868
3.12929957857 0.164800942536
2.5156812929 0.751756518959
4.28244920594 -0.855296593277
3.29346815809 -0.0925952137841
0.814672135407 0.601730510041
0.352843737002 0.474157003557
3.21209639103 0.25179546067
0.132556552708 0.187366995741
2.92887790637 0.388912581532
4.70115120712 -0.735231341891
2.87737088938 0.524737410934
1.94084963103 0.733466676008
3.21644109221 0.276755895577
2.29126445246 0.869702967891
2.72808394658 0.556446387579
4.70732404388 -0.863403670625
1.930513189 0.781951420496
4.80595281912 -0.847254183081
4.52675320978 -0.618076916186
0.978955673946 0.529643542694
0.346806504376 0.700091897677
0.503890006887 0.570325566167
0.0911091282577 0.252926537206
0.47221480378 0.672645236375
3.41503386708 0.147884241657
0.355943242301 0.461520475151
1.59487815147 0.687317531672
4.22437655485 -0.523622932182
0.116359678679 0.274286645572
4.07234241294 -0.578952227949
1.40927387387 0.934317483193
0.590824138108 0.618350925629
3.48368582682 -0.18178527032
3.1447142339 0.360433545854
4.38736006764 -0.710676552995
3.67535521902 -0.108627242105
4.01740465192 -0.600267795938
1.41017286286 0.637551388994
0.887197718899 0.801234450617
3.7530737582 -0.181458159405
4.03417369634 -0.698128073253
4.95252571 -0.74709499334
2.06308838456 0.751259625441
1.86009042896 0.634541927864
3.88206480371 -0.330942720635
1.70401770127 0.90912050242
4.65378662802 -0.551948921642
4.29206375922 -0.814056145992
2.14497013688 0.782474787042
3.75435533896 -0.475111974753
3.77271437042 -0.522163177225
0.51561934418 0.510207555007
4.5127645334 -0.739691956287
2.52626186224 0.776864808046
4.13228733054 -0.450470850778
1.60024800515 0.940552324763
4.47761614248 -0.842970604591
1.94600839367 0.944679972985
0.0541882574015 0.0575350393261
4.5269098821 -0.969659684888
0.456433383931 0.627491495425
1.59656818795 0.6097728119
4.75030983525 -0.530748483861
4.75303573469 -0.571925525448
2.86718944062 0.367956428371
3.15918606085 0.427842576262
2.24222760989 0.842120091453
1.46605385849 0.646041658084
1.64332272685 0.810471090222
3.36259228039 -0.100822392925
3.76187264719 -0.311297698173
3.95789521863 -0.460681827259
3.94809071397 -0.644884182146
0.456030515243 0.889675729345
2.47210152351 0.886223898222
0.287793800083 0.577581194854
2.74764441162 0.80202239241
2.20765250687 0.642271387874
4.43852091379 -0.871716268415
1.75457506276 0.969635128037
0.585335082138 0.887147134226
0.714958410264 0.663806947929
3.80755315859 -0.590968641784
3.09109031658 0.314087134076
0.505613380614 0.879893553932
0.420534030575 0.652968114435
3.5048456573 0.0235183540893
0.363815031821 0.470746423254
4.10930029645 -0.636478946456
3.53121113578 -0.348537140868
0.406743903209 0.58903533193
0.424188570426 0.473646006526
4.93319789251 -0.562687436136
1.87135397878 0.754735484361
1.85321073533 0.773303944207
4.06399783629 -0.707475374085
4.73624288692 -0.70635469769
4.93000531911 -0.77021778283
3.76689092629 -0.568433836876
1.88129792765 0.892189088554
0.417503583493 0.873967193088
3.88573457964 -0.604747574824
2.79202124868 0.455887219883
2.12111004623 0.785040540084
4.53177192547 -0.504001278517
0.555987411531 0.798026539943
2.46312552145 0.827256998262
0.0567682238371 0.14373317827
2.34330320997 0.72467394806
0.281516378409 0.555788485812
0.59408958134 0.691615899305
0.587631233886 0.962934786715
3.24605151058 0.105234898191
3.73022439633 -0.416822060437
2.91684382549 0.70313161705
4.81086274237 -0.681721510444
1.87435289762 0.811189320437
1.42856043141 0.909863622171
4.34299564095 -0.531207793258
1.1179791926 0.910966256179
4.8161126972 -0.640033173819
0.0607723734491 0.555432876475
4.84939413354 -0.88566799367
0.215799559753 0.526756172142
4.45571556849 -0.736990797314
2.63850554543 0.500310863771
4.9648239806 -0.523789716308
0.368982823677 0.427460957411
2.76927142201 0.510899690084
4.8465126781 -0.76359405966
2.61548922085 0.953150205307
3.14699319068 0.244538166551
3.47874344492 0.168693750295
2.27270532384 0.982815812759
3.13779040042 0.100566221848
2.92157155962 0.64544376039
4.50579005245 -0.840194195484
0.227231901707 0.582337666621
1.40481594796 0.665097724736
4.75205742038 -0.732307976675
4.45131891945 -0.890545597369
2.27828376393 0.93896725696
3.10066298901 0.241815827062
1.38690591491 0.883129757667
0.940605798619 0.761783701773
2.3184920247 0.72827755823
1.76676114013 0.68340904136
2.91828055925 0.689691645005
0.388673184825 0.852923126219
4.87197403833 -0.912346068851
4.9310537224 -0.78340124535
3.4908085701 -0.173420389038
2.68048183172 0.889922870865
1.54763808143 0.719654985015
4.06897509853 -0.768268935375
3.42365586277 -0.0955432161615
0.813084696724 0.739421458234
4.55463592247 -0.701535473034
4.11268621462 -0.327108719059
4.74899956646 -0.540454699912
3.62859754194 -0.0583075121778
3.06707597968 0.151772989269
2.09121518145 0.940130634134
4.66364241677 -0.908573758454
4.3303194475 -0.741647193707
0.226093350531 0.62048151461
0.131834872486 0.284030034951
1.88231683439 0.861993517902
4.05276665391 -0.616787850616
4.93638064657 -0.604058586783
0.752084455518 0.834126549918
2.97065357676 0.570447385526
1.90445428316 0.548168665673
4.84957198907 -0.973783508526
4.21059461568 -0.423667598858
4.19164352356 -0.49489666372
2.34346579897 0.915927781118
2.07409751169 0.987114054914
1.36703535965 0.70687600068
0.281877483255 0.550493028667
4.32361188128 -0.753722440826
4.06450504565 -0.535035172474
4.99858836643 -0.899401735431
4.98318418537 -0.739014777984
2.77715852801 0.675434649371
3.8449370759 -0.478004994115
4.72382864941 -0.911349933076
4.24823695339 -0.425036297999
1.23674050872 0.822335165136
2.25272067655 0.94933431793
0.645797075757 0.982098259835
4.77025513629 -0.977519215952
3.03087317225 0.243311514056
1.14321402752 0.976062907006
3.35850342203 0.134108324406
3.09064120229 0.23889990244
1.79081359016 0.61827370217
0.567787960998 0.972511483229
3.35786597796 0.16200929086
2.60153850452 0.62740441322
3.86159195868 -0.407847917549
2.60081750556 0.830166379102
4.26090750159 -0.425774483372
2.75953419387 0.510502765148
2.80468985768 0.346142409288
4.38326801329 -0.930104001755
2.01741433106 0.940197310169
0.670076142253 0.956619850299
0.143913381567 0.402455400786
3.77568627837 -0.441254658364
3.10154775677 0.515496481292
3.5203988405 -0.200827512616
1.06482080754 0.959042148298
0.681857377934 0.596888710303
0.0727233283394 0.106016370027
1.75293779403 0.916399096702
2.94958843427 0.24806914816
1.9612202255 0.9251739493
2.18737461012 0.588593285846
4.52079347247 -0.8517862016
1.74127733512 0.953953423843
2.5699474458 0.704012303825
3.91826506371 -0.455512832338
1.98271391161 0.973662885871
3.11043350114 0.361654499395
4.31181854373 -0.421932212548
4.74760311829 -0.650664184532
0.735367404645 0.683890063047
4.63293812581 -0.654524091959
2.4605814654 0.687726183079
1.29122194149 0.990330208493
2.29567878119 0.786381217382
4.90016287643 -0.4975180916
2.46309046996 0.953793487571
1.64375805144 0.929583498924
3.16700427158 0.267302977959
1.20072809389 0.969134141226
0.379316640543 0.775313514388
0.644398609553 0.599895341591
0.640229194789 0.987172469508
0.759513467561 0.694967456761
0.694135863247 0.811703574916
3.20437372402 0.356090142328
0.909400421996 0.634558380996
1.72833641662 0.9687022846
4.48394204953 -0.885219003052
2.36980820131 0.881492570418
3.33778869261 0.247678118321
0.861599356008 0.702708968248
0.961445094043 0.641370564574
0.204343081332 0.46710154908
0.844675315361 0.922975698957
1.39295169516 0.803888810629
0.885052421384 0.894809433211
0.443512668785 0.746432293389
0.603179355503 0.556434389345
2.30389384016 0.739593167283
1.03166859203 0.79385037235
1.82134930524 0.872292278445
2.51708635427 0.663778775491
3.45197414315 -0.17023665488
0.196560699205 0.400379988839
3.99705199455 -0.654294138373
3.13950194745 0.373642522679
0.408795159744 0.784397002324
4.36789312053 -0.598161383624
4.60436200266 -0.784986156022
0.305389799274 0.506040043923
1.38438824074 0.980551164987
4.03100639897 -0.278784058378
3.74129845192 -0.399015966542
0.922605096782 0.802849000165
1.04674661668 0.633733279916
1.85236051396 0.877216097982
2.42261492596 0.755193750012
3.09127385765 0.093349874344
1.84456819785 0.834637780154
2.31267358067 0.972476214478
3.73735469067 -0.11807534454
0.183416014453 0.66707912673
1.26218472172 0.535445176222
3.56674792942 -0.394883120918
4.47603418844 -0.858546572079
2.55838721058 0.752328018669
2.66056742633 0.606773291226
0.535860056699 0.934665245557
2.23706183412 0.837151453747
2.66308633228 0.941577332404
1.21235251817 0.972474044497
1.34621615475 0.743005090045
1.88642081552 0.525478900238
0.100355988889 0.460755800036
1.61039582792 0.801818417049
1.05724003498 0.594898510338
1.63748676089 0.896037095089
0.598810659096 0.815788497964
4.4526364037 -0.708670629434
2.96796226777 0.22980001999
3.39551159572 0.128270056305
3.94585619304 -0.531865708756
2.49221099465 0.664464557452
0.434601440437 0.782230989811
2.68553270909 0.676736038854
2.9342055901 0.385353120812
3.72719737092 -0.132402201749
2.15829773115 0.914748858267
0.637901513978 0.625146143987
1.41887952899 0.811879647171
1.81541148199 0.992442846062
3.22958620666 0.13380609894
2.85389152334 0.694668234981
1.78048362949 0.86211725106
4.93257624396 -0.638425386413
3.02887409678 0.349073048163
1.18613395868 0.978547299385
0.508912363102 0.828186842048
0.764295695922 0.70627570486
1.22978864192 0.943035311521
0.803406866298 0.803976936581
0.932835120257 0.649734741254
1.42547584347 0.737055334711
0.866867976474 0.930548256815
4.48382712313 -0.585400319042
0.401168728308 0.760842663495
2.62255694785 0.671099082494
2.05198413495 0.705040391228
4.91189308454 -0.972117643308
0.56019451084 0.604374013049
1.98927799523 0.946929795908
4.84735216638 -0.547857487491
4.32753562947 -0.883046590331
4.08536035475 -0.794375934294
1.28951413522 0.688395790698
0.85443793695 0.941997126633
3.34321609962 -0.0307217008203
4.64687994564 -0.647775740276
2.78381446507 0.75209126586
2.85806344735 0.298614784225
1.3998954683 0.937326472721
3.84746466596 -0.526323486976
0.935218742788 0.993384151104
1.61839618202 0.885610210078
2.12718219308 0.888984024877
2.53805189342 0.87290619416
1.21204866208 0.800806172555
0.574184123696 0.831504698192
3.05310021221 0.391536861504
1.4431527662 0.862310412866
2.90619110711 0.350021489942
0.771813576371 0.779170275905
2.40570050927 0.824337959669
2.66294716276 0.504972333458
0.259117684112 0.467721282775
1.68302139097 0.836746778826
0.672073384695 0.86035519115
0.316874852364 0.795617655431
4.94980116195 -0.832471852344
1.61176922487 0.75280202238
4.04937222927 -0.358484665824
1.27320327382 0.670635315634
3.40751361112 -0.19287957617
3.80113929945 -0.553692846211
2.97819370304 0.411787283485
2.35788094275 0.592534407948
2.05920457074 0.849936523915
1.74434133271 0.85998566784
4.64764572124 -0.583467055409
4.15309703894 -0.399515774447
4.82513455333 -0.763704610598
0.621486117428 0.984259028452
3.65433737602 0.00846679835528
4.69170228411 -0.774484830621
0.906165330828 0.981389978321
0.332481336834 0.457255112187
3.70560324645 -0.114561075971
2.8723655659 0.330354596925
4.20914388379 -0.601110702485
0.698861883131 0.875223008739
3.9763365593 -0.289219485704
1.00813660024 0.948220071235
0.818279714329 0.785755137557
0.821328989655 0.784190648081
4.07287360116 -0.711771124481
3.32598610348 -0.014435629981
2.61532712385 0.787867294615
1.79415242062 0.941263673095
4.38600270407 -0.58780871679
1.96222553711 0.973189732748
4.08299719736 -0.640773656013
2.19567454285 0.975802198148
1.88472214712 0.681223524482
2.31339892835 0.914028768769
1.50688937082 0.721937150171
3.73804690088 -0.336864963345
2.51360195046 0.947958681469
1.16106347573 0.91799278729
4.49787286637 -0.70095916616
1.91945610687 0.949433322498
2.71776430557 0.718039468854
4.53236055482 -0.543830176183
3.12118997957 0.234845482096
0.584490203542 0.83177141462
4.69916061807 -0.859471073313
3.13854026536 0.0397294069076
1.67452807329 0.922397483025
0.696360363317 0.96468013282
3.97012594635 -0.309174903603
3.10036377964 0.496609696237
2.66730545988 0.699656231382
4.46946291525 -0.851963557415
3.94298605612 -0.466046421759
0.758374398664 0.600704849314
1.55861033898 0.743373409306
1.24244569907 0.609784526251
3.71973146286 -0.274873392428
0.167662173679 0.178531040108
2.84944842436 0.638729515197
3.8122934287 -0.305439223767
4.38382818381 -0.746306343746
1.71040874358 0.775411940148
4.10628652336 -0.541875073533
0.553158684776 0.74735984462
4.23226145867 -0.504217274801
0.63744331166 0.703681029412
1.9864364528 0.895087936533
3.9864768289 -0.586774615742
0.749587136744 0.720275570738
1.14625697616 0.607824135047
3.61126284197 -0.388564158014
3.60018268273 -0.32103171011
3.20573816443 0.226610286322
3.46974222234 0.0330096017848
2.71362221674 0.41582447681
1.25899529453 0.954848924721
1.72847996752 0.799488512436
0.907988584007 0.937933647874
4.54225280667 -0.831941858191
2.91695897383 0.701972540846
2.00425708382 0.796680214937
2.31002901822 0.924807441663
4.73641669806 -0.841193524152
0.76675701558 0.694509626381
2.93114916008 0.413663361573
2.52944339442 0.644337132469
3.05727117717 0.183239208549
0.0905509191042 0.357529411639
4.36061954472 -0.559984591916
4.66059141242 -0.994884911373
2.82566591795 0.606510066477
3.48325411938 -0.238008971548
4.61249690589 -0.511049830262
3.53619317157 -0.0956675965031
0.762695214571 0.977333801913
2.88144180083 0.366610484694
3.03357523191 0.505161808101
2.12065335651 0.756025284759
3.68222117812 -0.0602373943097
4.67183507385 -0.748344734179
4.62784256453 -0.684473602967
2.25419685702 0.60216758584
0.566190229204 0.703244630755
4.92420599481 -0.590468358432
4.19449043223 -0.381798045368
0.623313406016 0.918220714757
4.60420941309 -0.869195656315
4.34948181031 -0.796214282543
2.59419028563 0.530686379572
2.95637717872 0.471647273254
1.99501351935 0.85679762383
0.27380819411 0.668538091538
1.67598620823 0.915559694386
4.01426724299 -0.723417113406
0.023160115023 0.363534140289
1.66749585846 0.893969871603
1.99084346795 0.930505141601
2.68697801469 0.89456550147
4.59927808206 -0.794241685678
1.73172997183 0.954373043622
1.73476600948 0.935619396129
3.68750624055 -0.224124012042
2.26108970445 0.977233657382
1.1230241147 0.719563234439
2.26219758066 0.861730698503
0.704285101899 0.9245526936
0.881934932531 0.823340946438
2.4918388637 0.788789235549
2.09462724752 0.941818097389
4.57422950534 -0.587535872818
1.81196949558 0.656620715121
2.90294175139 0.549547032316
3.1613214396 0.477394341926
0.0654722829417 0.26147563413
3.31768686008 0.280496221078
0.890179834349 0.977250918766
4.80535158735 -0.738190036103
0.743313638766 0.971484859061
2.07312061864 0.668051418454
0.426748340393 0.615560948883
4.98437125923 -0.668734209399
2.51097505166 0.710802776566
2.9769250866 0.241334562801
0.335382386942 0.647282093195
3.749802352 -0.326150291876
1.04952796548 0.790988514466
4.4902714472 -0.856962955246
1.02569820241 0.876027495749
0.953438603318 0.596887173061
0.18274833924 0.348957798549
2.36033472555 0.796604761162
2.82420566631 0.563042930158
0.328543197142 0.437801615146
3.87763808348 -0.208815588132
2.26644417374 0.784385996224
2.62195134664 0.690906841833
2.20381373469 0.754810178771
2.00381530438 0.657949172402
2.79820165654 0.513930041893
0.776201229654 0.985491920388
0.909640652476 0.890350135667
4.30892810507 -0.578295827676
4.73057731067 -0.918478564799
1.8665465814 0.77943548845
1.35372336572 0.794142417098
3.2199977162 -0.0223865326986
2.04367085549 0.720260778432
0.126931778302 0.594507346881
0.780762986831 0.977009680972
3.57986114424 -0.0995336944659
3.29461970955 -0.138023678103
0.135479962517 0.179141278234
1.10986080966 0.677467220856
1.15537398294 0.638411223483
3.35946371799 0.25585487423
0.0985526887718 0.131155754089
0.520542909923 0.860909663672
3.99958042687 -0.548873872564
0.892723310272 0.926673342714
3.26373053926 0.254000463783
1.19091390523 0.961947354942
0.497206963797 0.779453207705
1.215860955 0.730189318085
3.61133465928 -0.0912571170062
4.27848234053 -0.463612427323
4.15109932283 -0.566364925649
1.98591764809 0.94801392521
3.34042568285 -0.111579065948
1.02492147708 0.73012706341
1.46573865131 0.884413671492
4.48167909261 -0.865490010536
0.0650096175537 0.283179730151
0.427542654272 0.529494429327
1.03943127573 0.789604857577
0.132661019369 0.283909194658
0.907177175449 0.808669350365
2.91520780485 0.609910861888
2.10712275296 0.897720495301
4.46335855538 -0.861602604041
4.08721780869 -0.368113143591
1.70908675849 0.902444309174
1.29711716716 0.998081538502
1.89846204084 0.956564858859
2.95147471257 0.259657224366
1.34031820411 0.976836318007
3.12074453925 0.434214764348
2.04705826096 0.693446865246
2.76023590426 0.528261557079
2.18063264568 0.973976533709
1.47232879771 0.993329231953
4.74226653481 -0.7536211422
3.8180289708 -0.590836721579
0.700565878832 0.987103814936
4.34233987949 -0.828054541907
2.43715599125 0.866003246766
4.47276113447 -0.876149616796
3.99927627974 -0.66838118406
2.12606752235 0.909189685738
0.112346541601 0.355376911326
1.34338679692 0.918525356696
2.7081710733 0.495941413529
3.16739109913 0.29741365513
1.28943842717 0.883101399106
0.696780370364 0.891515385579
4.174651184 -0.369840088915
4.92201090352 -0.731852897154
2.62845091151 0.915764612908
0.858396429242 0.766698758194
1.3615366326 0.908285742414
0.0919533827373 0.291059094181
4.5714940328 -0.814887375513
0.588755414451 0.673765883624
2.88258237757 0.494331354524
1.37027610344 0.973939381301
2.77089001258 0.379206832931
3.25710194176 0.0318702432806
4.14870901854 -0.726513913663
1.0321063588 0.667014688978
0.0549791432924 0.525162235795
0.684428150344 0.9107456522
4.50009320924 -0.842921078724
4.36945038781 -0.882822206308
2.98706551085 0.345322866363
3.00258430217 0.580643008109
3.32518337273 0.0339979142525
0.876856393117 0.814917210939
4.57205972962 -0.857278668482
2.09385262446 0.945957638872
1.91569264125 0.861807597315
2.59458852641 0.726869545081
0.234829833875 0.328142519011
0.83141684378 0.600201343769
3.69016808213 -0.0928392459255
0.413993339626 0.841616282779
3.01576054733 0.377804430792
1.22674554841 0.649753044708
1.94647807021 0.886301725474
1.44346868385 0.995009321829
1.77836358232 0.684173648482
3.59522952592 -0.321725014977
1.48560857812 0.695704639745
2.83202320148 0.783872697236
2.380252011 0.888524597061
3.31835582681 0.239292342939
4.68414869662 -0.508954135223
3.66286048605 -0.0601031455933
1.07470189295 0.705933858861
0.155915675306 0.281313670163
1.3113202215 0.86152321156
2.9753896535 0.594924564798
0.257129067421 0.356117374851
2.48183123601 0.701854184996
2.98421424458 0.398214289464
1.67121945408 0.645914514376
3.85456101873 -0.640851851821
0.532991265669 0.970881102224
0.375688908679 0.380890404574
3.64094378102 -0.382059864287
2.47745658103 0.764259749828
3.44201198214 -0.215468307963
2.17413669302 0.900780740646
1.2320101662 0.880312921931
4.09551158837 -0.627836145981
3.99707939484 -0.428374478799
3.47348235427 -0.0457315610126
1.36072568615 0.728848088395
2.95115333435 0.268191813892
1.8048694847 0.934699600954
0.457910366633 0.937495459157
4.58656787731 -0.755599434734
0.684093154595 0.828864904807
4.7511867691 -0.801206763889
2.23002886479 0.516032440205
