1.87270059424 0.954772007821
4.75357153205 -0.999152118563
3.65996970906 -0.495471061691
2.99329242099 0.147757236564
0.780093202212 0.70334567486
0.779972601681 0.703259941101
0.290418060841 0.286352804345
4.33088072887 -0.928104138157
3.00557505872 0.135598577264
3.54036288898 -0.388285359918
0.102922471479 0.102740857472
4.84954926081 -0.990608266442
4.162213204 -0.852432632819
1.06169555339 0.873183136697
0.909124836036 0.78896630925
0.917022549267 0.793794296446
1.5212112148 0.998770910194
2.62378215816 0.494978854297
2.15972509321 0.83153619483
1.45614570099 0.993434813217
3.05926447361 0.0822352090616
0.69746930326 0.642280042753
1.46072324268 0.993948072252
1.83180921647 0.966129088211
2.28034992109 0.758652782736
3.92587980697 -0.706320742221
0.998368910792 0.840588584592
2.57117219207 0.539985987989
2.96207284431 0.178557120192
0.2322520636 0.230169702202
3.03772425951 0.103681728296
0.852620618436 0.7530073874
0.325257964926 0.31955323588
4.74442768627 -0.999486804564
4.82816016537 -0.993305998
4.04198674058 -0.783571817197
1.52306884587 0.998861259969
0.488360570032 0.469178733431
3.42116513256 -0.275944751911
2.2007624687 0.808047455169
0.610191174224 0.573024145205
2.47588455056 0.617616196144
0.171942605576 0.171096631104
4.54660201039 -0.986288788249
1.293899908 0.961908500587
3.31261142177 -0.170186343496
1.55855538045 0.999925080552
2.60034010589 0.515209909101
2.73355139672 0.396812160358
0.924272277628 0.798182583273
4.84792313882 -0.990829297293
3.87566411681 -0.669898049511
4.69749470782 -0.999889082373
4.47413675214 -0.971751941001
2.98949989406 0.151507063821
4.60937117512 -0.994698357103
0.44246251026 0.428166131629
0.979914312096 0.830449637348
0.226136444553 0.224214017275
1.62665165382 0.998440496732
1.94338644845 0.931387591329
1.35674515887 0.977178385282
4.14368754576 -0.842601012622
1.78376663347 0.977407411359
1.40467254844 0.986233149308
2.71348041579 0.415154149474
0.704621124874 0.647745227358
4.01098490377 -0.763936902676
0.372753218399 0.364180958964
4.934434683 -0.975448974715
3.86122384648 -0.659107355838
0.993578407671 0.837984057765
0.027610585618 0.0276070776223
4.07730714227 -0.805023149251
3.53428671924 -0.382678798134
3.6450358402 -0.482444371244
3.85635173343 -0.655435480488
0.37022325867 0.361823573115
1.79232864272 0.975561907035
0.579345297626 0.547476185297
4.31551712938 -0.922274644179
3.11649063414 0.025099383357
1.65449012426 0.996499718036
0.31779175143 0.312469647595
1.55491160858 0.999873840516
1.62591661013 0.998481261766
3.64803089169 -0.485065648779
3.18778735678 -0.0461782754034
4.43606371288 -0.962064480233
2.36107462581 0.703647597782
0.597971229692 0.562966896145
3.56622393611 -0.411984837822
3.80392524308 -0.614957909907
2.80638598785 0.328964340109
3.85483589977 -0.654289892768
2.46897798182 0.623033298395
2.61366414691 0.503744958757
2.13770509179 0.843565079495
0.12709563372 0.126753740986
0.539457134967 0.513670295865
0.157145928434 0.15649994424
3.18205205632 -0.0404483652065
1.57177990538 0.999999516287
2.54285345582 0.5636014399
4.53783236963 -0.984803639783
1.24646114574 0.947862799507
2.05191461518 0.886477965975
3.77775569272 -0.594113442843
1.14399082746 0.910292803546
0.384899549144 0.375466037157
1.44875726457 0.992562471447
0.80610643627 0.721597085031
4.64848826171 -0.997959043705
4.04060189782 -0.782710661611
3.16701878255 -0.0254233894362
4.35730295094 -0.937616582343
4.0183603845 -0.768675412365
0.93285029443 0.803320685197
4.46279499245 -0.96901279084
2.69671120958 0.430350867376
4.03720077582 -0.780589328779
4.48045649962 -0.973224015031
1.59001737486 0.999815281343
0.550259622638 0.522908545978
1.13967581271 0.90849806954
2.13553894313 0.844726379731
4.09007382961 -0.812531092702
4.30365291628 -0.917623906755
0.034760652656 0.0347536528455
2.55373651289 0.554578325822
2.08705501574 0.869672084889
1.11053905235 0.895938251371
0.599326836668 0.564086759831
1.68807585702 0.99313063503
4.71454851956 -0.999997668196
1.6160146601 0.998977825354
2.59395310872 0.52067342878
3.51509479448 -0.364878349404
1.8181480119 0.96956422677
4.8589104136 -0.989284925141
4.81223647471 -0.99501937887
1.25891147913 0.951756889513
2.48624252946 0.6094368712
1.50439154908 0.997796012818
1.42420247189 0.989274349145
0.184434736773 0.183390886453
3.0478216699 0.0936336227592
2.51339511614 0.587687362377
0.25739375625 0.254561033793
1.39323232118 0.984276888296
4.54132942983 -0.98540495646
1.19780945333 0.93124308884
0.724474360456 0.662741910176
2.44726380139 0.639869817792
4.92825227055 -0.976791849437
1.21027635756 0.935713525403
3.36067773703 -0.217336667131
3.80809807664 -0.61824307573
1.18818771996 0.927693891302
3.64108174306 -0.478977109879
1.8389156636 0.96427082369
3.16152915297 -0.0199351787309
3.1676485538 -0.0260529520465
2.67887342037 0.446383038351
0.451448850272 0.436269690151
4.17651247795 -0.859821421964
1.60390032486 0.999452112693
0.932592551999 0.803167160861
0.203875707774 0.202466280825
2.95446471594 0.186037742538
3.38782180921 -0.243748591005
0.0829391446393 0.0828440889684
2.5604652915 0.548966584622
1.13247887599 0.905467046323
3.22586395205 -0.0841715896333
0.871832145025 0.765509069283
3.45468869051 -0.308005629568
1.9336767315 0.934878250282
4.68364994368 -0.999587062307
0.68760472073 0.634688008375
1.70533175525 0.990963751099
0.567367606203 0.5374139667
4.62346809139 -0.996049142041
4.3866967669 -0.947429469549
1.28970813858 0.96075414239
3.29992023017 -0.157666922549
4.08611100101 -0.810214715214
2.776004058 0.357499053742
2.64825289178 0.473570039598
1.2092614545 0.935355025522
0.465513839029 0.448882022633
4.48607878977 -0.974500958625
4.50209028582 -0.977968605256
3.16550728637 -0.0239123533401
1.69514895524 0.992278170189
1.74604787306 0.984682711499
3.62977839435 -0.469024333968
4.48555129976 -0.974382463088
4.43543212133 -0.961891976178
3.89937772929 -0.687314299643
3.21015823077 -0.0685118659549
0.420699824975 0.408399355601
0.808143570473 0.723005921789
4.49277094264 -0.975980733617
3.0321452983 0.109228979523
0.0459852580831 0.045969052722
0.50735771433 0.485869505114
3.31750884554 -0.175010262922
0.0253079192311 0.0253052177361
0.804040257087 0.720165102525
2.74366894683 0.387505111575
3.45947598846 -0.312556643939
3.25980629751 -0.117938507488
1.1213465473 0.900686292996
3.56089610674 -0.407124344966
1.18624543748 0.926967006822
1.6269984908 0.998421074057
3.73245702559 -0.557079056841
3.24816449524 -0.106370223539
4.24611705247 -0.89325048127
3.2880644615 -0.145948635305
2.84154301668 0.295567626251
0.46837383914 0.451435853758
1.8385790153 0.964359953388
1.32601183841 0.970189576148
1.2199482169 0.939081560016
4.86505277376 -0.988369498043
1.96548862333 0.923114927477
4.46023277589 -0.968376716252
3.15569312999 -0.0141000091503
3.97405651771 -0.739591931746
2.51318546553 0.587856975282
2.88451942313 0.254251054104
2.46258846909 0.628018393406
0.97621493899 0.828383062072
3.61226057631 -0.453481683028
1.4038618122 0.986098761255
0.121579832157 0.121280528252
3.22736147954 -0.0856637078699
0.885553397035 0.77426532914
4.70229292176 -0.999949035233
4.76964288501 -0.998361442876
4.5743219511 -0.99048387889
1.85079350128 0.961056219155
0.0772830826443 0.0772061744945
4.64159281294 -0.997494997876
2.14092074159 0.841833830438
4.83327409522 -0.99270228792
4.81809988545 -0.994417803507
4.26504727734 -0.901600187022
1.47224446035 0.995147694041
1.92548864301 0.937753392354
4.25568335758 -0.897510165012
1.58461002578 0.999904592377
0.84746373343 0.749604097386
2.78400631229 0.350014273826
4.6807738708 -0.999500284048
3.48014898337 -0.332125718259
2.85030585045 0.287185059247
0.485882468854 0.466988875906
3.0750361335 0.0665073926263
4.95026925052 -0.971839657597
0.700420076183 0.644538922374
2.59164826182 0.522639820744
4.38686535964 -0.947483399805
3.70384308877 -0.533091543936
3.48507870498 -0.336771550335
3.51242041994 -0.362387057188
1.7974557561 0.974422535856
1.46795922132 0.99471692325
4.04680577739 -0.786556780591
4.0505669734 -0.788873817654
4.3353615929 -0.929763133748
4.56620276278 -0.989333810276
2.5567119943 0.552099882602
2.50758147344 0.59238115362
3.99147589483 -0.751203341208
3.24981965389 -0.10801584535
3.50983438629 -0.359975593156
3.97896334718 -0.742885583756
4.45002670909 -0.965779988306
1.68997578426 0.992906530577
1.8779147632 0.953208660726
0.469909699204 0.452805774207
2.89140070498 0.247589936087
0.179711368984 0.178745598168
2.32799009066 0.726766430429
2.71322317354 0.415388162154
1.43270626064 0.99048070809
2.95416630285 0.186330937829
0.152501249695 0.151910825791
0.186740943746 0.185657490622
4.1130028033 -0.825682049892
1.80095320706 0.97363061785
0.635302563259 0.593421072318
2.61121630027 0.505858025697
3.84996776549 -0.650600657873
1.07910513748 0.881535679729
3.1144523791 0.0271369427214
0.426737324969 0.413902929032
0.258408605843 0.255542319644
2.65677315784 0.466048664266
2.70317560805 0.424506751335
3.18714950749 -0.0455410972161
3.63045666861 -0.469623267853
4.87926039731 -0.986109243616
2.58150174151 0.531263221453
1.61478236471 0.999032770197
3.97593097384 -0.740852244804
1.35416125631 0.976626250328
2.19485710353 0.811512298705
0.392281906711 0.382297979644
0.126753717077 0.126414574766
4.81324207339 -0.994918636033
4.17990060256 -0.861546442598
3.47987103047 -0.331863530487
2.04476472207 0.889764040846
0.866471600354 0.762048978194
0.782185213355 0.704831236588
1.25121449082 0.949366875506
2.74613332353 0.385232108266
3.5729796135 -0.418131100122
3.30098688359 -0.158720144747
1.39966948473 0.985393499428
4.77432640332 -0.998082490941
3.68948458348 -0.520888887398
2.77177026256 0.361449836565
3.05860373117 0.0828936955344
2.09800031214 0.864217174724
1.23865494751 0.945346275989
1.77986339326 0.978224968306
3.78923055232 -0.60330428861
0.0719674431488 0.0719053355839
0.580363202535 0.548327705993
0.230013210109 0.227990385754
0.203644011595 0.202239377819
4.27730292006 -0.906833772223
3.5182892969 -0.367850740685
2.37086914544 0.696654470604
0.489170803255 0.469894098927
2.45807937558 0.631520966899
2.3673588539 0.699168480392
0.86600934955 0.761749580432
2.16925824619 0.82620310396
1.99252367199 0.912383235403
3.07925049026 0.0623017885682
3.17546825434 -0.0338691220935
0.22652004886 0.224587838484
1.87306307313 0.954664166028
3.12929957857 0.0122927654
2.5156812929 0.585836109761
4.28244920594 -0.908990854303
3.29346815809 -0.151292313172
0.814672135407 0.727500687529
0.352843737002 0.345567746318
3.21209639103 -0.0704453422312
0.132556552708 0.132168696461
2.92887790637 0.211114235135
4.70115120712 -0.999936856891
2.87737088938 0.261158119388
1.94084963103 0.932308068647
3.21644109221 -0.0747785711013
2.29126445246 0.75149697189
2.72808394658 0.401824776
4.70732404388 -0.999987173237
1.930513189 0.935996528311
4.80595281912 -0.99562609627
4.52675320978 -0.982819104186
0.978955673946 0.829915204563
0.346806504376 0.339896181401
0.503890006887 0.482835704838
0.0911091282577 0.0909831330084
0.47221480378 0.454859821795
3.41503386708 -0.270046392246
0.355943242301 0.34847463831
1.59487815147 0.999710046873
4.22437655485 -0.883266519185
0.116359678679 0.116097279618
4.07234241294 -0.802067947152
1.40927387387 0.986983584871
0.590824138108 0.557045643773
3.48368582682 -0.335459708963
3.1447142339 -0.00312157524005
4.38736006764 -0.947641493924
3.67535521902 -0.508776123213
4.01740465192 -0.768063737523
1.41017286286 0.987127762354
0.887197718899 0.775304909324
3.7530737582 -0.574080815777
4.03417369634 -0.778693696729
4.95252571 -0.971305464783
2.06308838456 0.881251840155
1.86009042896 0.958445489809
3.88206480371 -0.674636504476
1.70401770127 0.991139149479
4.65378662802 -0.998283373508
4.29206375922 -0.912956279695
2.14497013688 0.83964132678
3.75435533896 -0.575129700621
3.77271437042 -0.590050765165
0.51561934418 0.493073765269
4.5127645334 -0.980141119591
2.52626186224 0.577228672306
4.13228733054 -0.836406939045
1.60024800515 0.999566330669
4.47761614248 -0.972567209341
1.94600839367 0.930429926718
0.0541882574015 0.0541617418575
4.5269098821 -0.982848009355
0.456433383931 0.440749414831
1.59656818795 0.999667923967
4.75030983525 -0.999281090538
4.75303573469 -0.999174034411
2.86718944062 0.270972525762
3.15918606085 -0.0175924996646
2.24222760989 0.782932056581
1.46605385849 0.994519520937
1.64332272685 0.997371113297
3.36259228039 -0.219205047125
3.76187264719 -0.581263018517
3.95789521863 -0.728618369181
3.94809071397 -0.721868156254
0.456030515243 0.440387751978
2.47210152351 0.620587043381
0.287793800083 0.283837453351
2.74764441162 0.383837207104
2.20765250687 0.803969265926
4.43852091379 -0.962731954047
1.75457506276 0.983160164842
0.585335082138 0.552478713353
0.714958410264 0.655586012002
3.80755315859 -0.617814685477
3.09109031658 0.0504808721617
0.505613380614 0.484344164334
0.420534030575 0.408248012304
3.5048456573 -0.355316839854
0.363815031821 0.355842137199
4.10930029645 -0.823587678712
3.53121113578 -0.379835518186
0.406743903209 0.395620986034
0.424188570426 0.411581402314
4.93319789251 -0.975720601479
1.87135397878 0.955171543161
1.85321073533 0.960385402349
4.06399783629 -0.797056425552
4.73624288692 -0.999715509062
4.93000531911 -0.976414861893
3.76689092629 -0.585339135073
1.88129792765 0.952180432413
0.417503583493 0.405479734524
3.88573457964 -0.677340801159
2.79202124868 0.342495165442
2.12111004623 0.852360502965
4.53177192547 -0.983733034415
0.555987411531 0.527782244682
2.46312552145 0.62760036952
0.0567682238371 0.0567377382411
2.34330320997 0.716163285881
0.281516378409 0.277812653996
0.59408958134 0.559754560464
0.587631233886 0.554391159745
3.24605151058 -0.104268990811
3.73022439633 -0.555223561859
2.91684382549 0.222861514213
4.81086274237 -0.995155375892
1.87435289762 0.954279410684
1.42856043141 0.98990151751
4.34299564095 -0.932546551848
1.1179791926 0.89921817461
4.8161126972 -0.994625516375
0.0607723734491 0.0607349721106
4.84939413354 -0.990629465171
0.215799559753 0.214128511026
4.45571556849 -0.967239830541
2.63850554543 0.48213244207
4.9648239806 -0.968307121164
0.368982823677 0.360666903755
2.76927142201 0.363778603489
4.8465126781 -0.991018892528
2.61548922085 0.502167526118
3.14699319068 -0.00540051083473
3.47874344492 -0.33079963739
2.27270532384 0.763610984726
3.13779040042 0.00380224400787
2.92157155962 0.218250208588
4.50579005245 -0.978734243922
0.227231901707 0.225281449268
1.40481594796 0.986256851819
4.75205742038 -0.999213310602
4.45131891945 -0.96611433306
2.27828376393 0.759997253838
3.10066298901 0.0409182377215
1.38690591491 0.983139750386
0.940605798619 0.807915244971
2.3184920247 0.733257626544
1.76676114013 0.98086026443
2.91828055925 0.2214606846
0.388673184825 0.378960897458
4.87197403833 -0.987293306209
4.9310537224 -0.976187972121
3.4908085701 -0.34216115549
2.68048183172 0.444943187572
1.54763808143 0.99973185982
4.06897509853 -0.800052333123
3.42365586277 -0.27833791736
0.813084696724 0.726410618633
4.55463592247 -0.987582769727
4.11268621462 -0.82550340952
4.74899956646 -0.999329907344
3.62859754194 -0.467981095781
3.06707597968 0.074447731168
2.09121518145 0.867610982999
4.66364241677 -0.998812121518
4.3303194475 -0.927895015297
0.226093350531 0.224172020222
0.131834872486 0.131453313013
1.88231683439 0.95186862522
4.05276665391 -0.790223733153
4.93638064657 -0.975018577164
0.752084455518 0.683162450975
2.97065357676 0.170107814151
1.90445428316 0.944850681594
4.84957198907 -0.990605158537
4.21059461568 -0.876720885291
4.19164352356 -0.867448535894
2.34346579897 0.716049800221
2.07409751169 0.875995110555
1.36703535965 0.979312459327
0.281877483255 0.278159525927
4.32361188128 -0.925373300898
4.06450504565 -0.797362629201
4.99858836643 -0.959323746165
4.98318418537 -0.963558485499
2.77715852801 0.35642064061
3.8449370759 -0.64677203491
4.72382864941 -0.9999345677
4.24823695339 -0.894201494636
1.23674050872 0.944720306532
2.25272067655 0.776361262073
0.645797075757 0.601835190519
4.77025513629 -0.998326221131
3.03087317225 0.110493405223
1.14321402752 0.909970960956
3.35850342203 -0.215213813356
3.09064120229 0.0509294087392
1.79081359016 0.975893681807
0.567787960998 0.537768412219
3.35786597796 -0.214591262864
2.60153850452 0.514182435027
3.86159195868 -0.659384149533
2.60081750556 0.514800688321
4.26090750159 -0.899801722233
2.75953419387 0.372831300964
2.80468985768 0.330565593691
4.38326801329 -0.946326822474
2.01741433106 0.901913001524
0.670076142253 0.621045667184
0.143913381567 0.143417129261
3.77568627837 -0.592447573766
3.10154775677 0.0400341950561
3.5203988405 -0.369811553359
1.06482080754 0.874702094605
0.681857377934 0.630236184976
0.0727233283394 0.0726592435225
1.75293779403 0.98345805122
2.94958843427 0.190826666203
1.9612202255 0.924747815387
2.18737461012 0.815861825982
4.52079347247 -0.981701659466
1.74127733512 0.985503274778
2.5699474458 0.541016419839
3.91826506371 -0.700909901217
1.98271391161 0.916354769906
3.11043350114 0.0311541106625
4.31181854373 -0.920838705664
4.74760311829 -0.999380046314
0.735367404645 0.670859662437
4.63293812581 -0.996845440791
2.4605814654 0.629578974765
1.29122194149 0.961172972287
2.29567878119 0.748577365451
4.90016287643 -0.982422221124
2.46309046996 0.627627657969
1.64375805144 0.997339473939
3.16700427158 -0.0254088831554
1.20072809389 0.932302669365
0.379316640543 0.370285771095
0.644398609553 0.600717758859
0.640229194789 0.597379261843
0.759513467561 0.688568707354
0.694135863247 0.639721497084
3.20437372402 -0.0627398370108
0.909400421996 0.78913560935
1.72833641662 0.987616204525
4.48394204953 -0.974019285468
2.36980820131 0.697415206934
3.33778869261 -0.194939767379
0.861599356008 0.758885072978
0.961445094043 0.820019502971
0.204343081332 0.20292395259
0.844675315361 0.747755569401
1.39295169516 0.984227281891
0.885052421384 0.773948183979
0.443512668785 0.429114923659
0.603179355503 0.567263650518
2.30389384016 0.74310519322
1.03166859203 0.858156817966
1.82134930524 0.968775464521
2.51708635427 0.584696828604
3.45197414315 -0.305421919548
0.196560699205 0.195297418673
3.99705199455 -0.754872264556
3.13950194745 0.00209070461216
0.408795159744 0.397504054847
4.36789312053 -0.941245831532
4.60436200266 -0.994170758205
0.305389799274 0.300664961236
1.38438824074 0.98267626373
4.03100639897 -0.776702618299
3.74129845192 -0.564399633845
0.922605096782 0.797177138706
1.04674661668 0.865799848486
1.85236051396 0.960621990831
2.42261492596 0.658615777342
3.09127385765 0.050297564252
1.84456819785 0.962757966385
2.31267358067 0.737201448669
3.73735469067 -0.561139671557
0.183416014453 0.182389346603
1.26218472172 0.952756193734
3.56674792942 -0.41246223907
4.47603418844 -0.972197995121
2.55838721058 0.550702350122
2.66056742633 0.462688304073
0.535860056699 0.510580730571
2.23706183412 0.786135262359
2.66308633228 0.460453775492
1.21235251817 0.936443896336
1.34621615475 0.974887687447
1.88642081552 0.950602716634
0.100355988889 0.10018762074
1.61039582792 0.999216042209
1.05724003498 0.871002891673
1.63748676089 0.997777017098
0.598810659096 0.563660468868
4.4526364037 -0.966453556276
2.96796226777 0.172759279284
3.39551159572 -0.251199161422
3.94585619304 -0.720319998482
2.49221099465 0.604694038776
0.434601440437 0.421048926178
2.68553270909 0.440414173597
2.9342055901 0.205903658442
3.72719737092 -0.552703441483
2.15829773115 0.832328205112
0.637901513978 0.595510940944
1.41887952899 0.988482819
1.81541148199 0.97023059967
3.22958620666 -0.0878800433157
2.85389152334 0.283748593582
1.78048362949 0.978096051756
4.93257624396 -0.975856565759
3.02887409678 0.112480017962
1.18613395868 0.926925180585
0.508912363102 0.487227729195
0.764295695922 0.692028754305
1.22978864192 0.942418137037
0.803406866298 0.719725509837
0.932835120257 0.803311648175
1.42547584347 0.989459547643
0.866867976474 0.762305579545
4.48382712313 -0.97399325222
0.401168728308 0.390494546163
2.62255694785 0.496043073903
2.05198413495 0.886445792113
4.91189308454 -0.980164976627
0.56019451084 0.531350988175
1.98927799523 0.913707003156
4.84735216638 -0.990906285342
4.32753562947 -0.926853498111
4.08536035475 -0.809774508304
1.28951413522 0.96070030753
0.85443793695 0.754201960787
3.34321609962 -0.200260153489
4.64687994564 -0.997855050424
2.78381446507 0.350193979188
2.85806344735 0.279745683329
1.3998954683 0.98543195765
3.84746466596 -0.648697717761
0.935218742788 0.804728952359
1.61839618202 0.998867340775
2.12718219308 0.849169351379
2.53805189342 0.567561243306
1.21204866208 0.93633725511
0.574184123696 0.543149932643
3.05310021221 0.0883769905057
1.4431527662 0.99186461546
2.90619110711 0.233233476438
0.771813576371 0.697436078926
2.40570050927 0.671248708773
2.66294716276 0.460577309542
0.259117684112 0.256227790705
1.68302139097 0.993709373901
0.672073384695 0.622609814932
0.316874852364 0.311598528508
4.94980116195 -0.971949852976
1.61176922487 0.999160728234
4.04937222927 -0.788139018585
1.27320327382 0.956045022602
3.40751361112 -0.262797966159
3.80113929945 -0.612758642729
2.97819370304 0.162672816582
2.35788094275 0.705913274163
2.05920457074 0.883080862125
1.74434133271 0.984978822788
4.64764572124 -0.99790488719
4.15309703894 -0.847631009529
4.82513455333 -0.993650947699
0.621486117428 0.58224403743
3.65433737602 -0.490570846459
4.69170228411 -0.999786037929
0.906165330828 0.787144428857
0.332481336834 0.326389478128
3.70560324645 -0.53457991209
2.8723655659 0.265986446702
4.20914388379 -0.876022161685
0.698861883131 0.6433467904
3.9763365593 -0.741124602648
1.00813660024 0.845839305841
0.818279714329 0.729971133068
0.821328989655 0.732051848707
4.07287360116 -0.802385077
3.32598610348 -0.183350299638
2.61532712385 0.502307696205
1.79415242062 0.975159555676
4.38600270407 -0.947207165769
1.96222553711 0.924364746208
4.08299719736 -0.808385686676
2.19567454285 0.811034368945
1.88472214712 0.951128628861
2.31339892835 0.736711156925
1.50688937082 0.997958645389
3.73804690088 -0.561712494094
2.51360195046 0.58752000262
1.16106347573 0.917227278148
4.49787286637 -0.977079515657
1.91945610687 0.939831427539
2.71776430557 0.411253078642
4.53236055482 -0.983838603374
3.12118997957 0.0204012585488
0.584490203542 0.551774287124
4.69916061807 -0.999912506491
3.13854026536 0.00305238349282
1.67452807329 0.994624684968
0.696360363317 0.641429678745
3.97012594635 -0.736940732573
3.10036377964 0.0412171946622
2.66730545988 0.4567044376
4.46946291525 -0.970638284253
3.94298605612 -0.71832618708
0.758374398664 0.687742240977
1.55861033898 0.999925751769
1.24244569907 0.946575524054
3.71973146286 -0.546466171978
0.167662173679 0.166877762829
2.84944842436 0.288006260697
3.8122934287 -0.62153511723
4.38382818381 -0.946507727432
1.71040874358 0.990270006405
4.10628652336 -0.821874562174
0.553158684776 0.525377473183
4.23226145867 -0.886936028696
0.63744331166 0.595142782895
1.9864364528 0.914858040662
3.9864768289 -0.747894230687
0.749587136744 0.681336614488
1.14625697616 0.911228571595
3.61126284197 -0.452592211167
3.60018268273 -0.442684258186
3.20573816443 -0.0641015305349
3.46974222234 -0.322291888297
2.71362221674 0.415025141736
1.25899529453 0.951782605187
1.72847996752 0.987593672758
0.907988584007 0.788267645422
4.54225280667 -0.985561719582
2.91695897383 0.222749260358
2.00425708382 0.907517620735
2.31002901822 0.738985728184
4.73641669806 -0.999711348279
0.76675701558 0.693803408986
2.93114916008 0.20889362969
2.52944339442 0.574627771634
3.05727117717 0.0842215894186
0.0905509191042 0.0904272249182
4.36061954472 -0.938764507013
4.66059141242 -0.998658805884
2.82566591795 0.310697474955
3.48325411938 -0.335052985759
4.61249690589 -0.995014934055
3.53619317157 -0.384439437579
0.762695214571 0.6908725291
2.88144180083 0.257226331558
3.03357523191 0.107807490565
2.12065335651 0.852599242087
3.68222117812 -0.514674981014
4.67183507385 -0.999177803025
4.62784256453 -0.996428080246
2.25419685702 0.77542999742
0.566190229204 0.536420690544
4.92420599481 -0.977650525783
4.19449043223 -0.868861432404
0.623313406016 0.583728675887
4.60420941309 -0.994154294883
4.34948181031 -0.934868749084
2.59419028563 0.520470922942
2.95637717872 0.184158327312
1.99501351935 0.911361221562
0.27380819411 0.270399720356
1.67598620823 0.994472643885
4.01426724299 -0.766050847433
0.023160115023 0.0231580445993
1.66749585846 0.99532824238
1.99084346795 0.913069716997
2.68697801469 0.439116126326
4.59927808206 -0.993609779781
1.73172997183 0.987078106465
1.73476600948 0.986587063769
3.68750624055 -0.51919910719
2.26108970445 0.771059236024
1.1230241147 0.901413878031
2.26219758066 0.770353307924
0.704285101899 0.647489189332
0.881934932531 0.771970279797
2.4918388637 0.604990383517
2.09462724752 0.865909307885
4.57422950534 -0.990471151459
1.81196949558 0.971058441175
2.90294175139 0.236391980582
3.1613214396 -0.01972750621
0.0654722829417 0.0654255171684
3.31768686008 -0.175185527323
0.890179834349 0.777184924863
4.80535158735 -0.995682087831
0.743313638766 0.676731223288
2.07312061864 0.876465867531
0.426748340393 0.413912956579
4.98437125923 -0.963240267094
2.51097505166 0.589643684903
2.9769250866 0.163924403897
0.335382386942 0.329130275999
3.749802352 -0.57139912566
1.04952796548 0.867188258253
4.4902714472 -0.975433153273
1.02569820241 0.855076417208
0.953438603318 0.815410869345
0.18274833924 0.181732830111
2.36033472555 0.704173140609
2.82420566631 0.31208512531
0.328543197142 0.322664487838
3.87763808348 -0.671362321086
2.26644417374 0.767638668892
2.62195134664 0.496568825179
2.20381373469 0.806246142523
2.00381530438 0.907703085723
2.79820165654 0.336682046944
0.776201229654 0.700573754043
0.909640652476 0.789283140705
4.30892810507 -0.919707752293
4.73057731067 -0.999834596881
1.8665465814 0.956583744147
1.35372336572 0.976532034494
3.2199977162 -0.0783247566822
2.04367085549 0.890262771891
0.126931778302 0.126591205489
0.780762986831 0.703821632109
3.57986114424 -0.424372241372
3.29461970955 -0.152430508633
0.135479962517 0.135065890984
1.10986080966 0.895636784418
1.15537398294 0.914945954094
3.35946371799 -0.216151507284
0.0985526887718 0.0983932318881
0.520542909923 0.497351212236
3.99958042687 -0.756528177399
0.892723310272 0.778782948102
3.26373053926 -0.121834443452
1.19091390523 0.928708241407
0.497206963797 0.476972551914
1.215860955 0.937668951002
3.61133465928 -0.452656250763
4.27848234053 -0.907330253493
4.15109932283 -0.846569358329
1.98591764809 0.915067398235
3.34042568285 -0.197525486762
1.02492147708 0.854673425678
1.46573865131 0.99448651629
4.48167909261 -0.973504311226
0.0650096175537 0.0649638360755
0.427542654272 0.414635902929
1.03943127573 0.862116188042
0.132661019369 0.13227224594
0.907177175449 0.787768099907
2.91520780485 0.224456090155
2.10712275296 0.859591606196
4.46335855538 -0.969151842941
4.08721780869 -0.810862955535
1.70908675849 0.990453107568
1.29711716716 0.962783028146
1.89846204084 0.946796174493
2.95147471257 0.18897471224
1.34031820411 0.973557282494
3.12074453925 0.0208466041261
2.04705826096 0.888714882677
2.76023590426 0.372180092759
2.18063264568 0.819741774452
1.47232879771 0.995155988658
4.74226653481 -0.999553699072
3.8180289708 -0.626018014588
0.700565878832 0.644650392073
4.34233987949 -0.932309588841
2.43715599125 0.647604682264
4.47276113447 -0.971426369589
3.99927627974 -0.75632924202
2.12606752235 0.849757504339
0.112346541601 0.112110355796
1.34338679692 0.9742536964
2.7081710733 0.419978455455
3.16739109913 -0.0257955839015
1.28943842717 0.960679289153
0.696780370364 0.641751843937
4.174651184 -0.85886956598
4.92201090352 -0.978109658687
2.62845091151 0.490916771228
0.858396429242 0.756795359325
1.3615366326 0.978184970777
0.0919533827373 0.0918238533617
4.5714940328 -0.990090715909
0.588755414451 0.555326415519
2.88258237757 0.256123966799
1.37027610344 0.9799630928
2.77089001258 0.362270434074
3.25710194176 -0.115252597702
4.14870901854 -0.845294633674
1.0321063588 0.858381479784
0.0549791432924 0.0549514498453
0.684428150344 0.632230056829
4.50009320924 -0.977549761535
4.36945038781 -0.941770613753
2.98706551085 0.153912893622
3.00258430217 0.138561099909
3.32518337273 -0.182561118078
0.876856393117 0.768732121156
4.57205972962 -0.990169997864
2.09385262446 0.86629651531
1.91569264125 0.941110513655
2.59458852641 0.52013083208
0.234829833875 0.232677493145
0.83141684378 0.738886823635
3.69016808213 -0.521472216868
0.413993339626 0.402268514914
3.01576054733 0.125500304015
1.22674554841 0.941396052189
1.94647807021 0.930257701809
1.44346868385 0.991904781405
1.77836358232 0.97853514978
3.59522952592 -0.438237461438
1.48560857812 0.996373717513
2.83202320148 0.304648582968
2.380252011 0.689892571742
3.31835582681 -0.175844109528
4.68414869662 -0.999601269687
3.66286048605 -0.497979987533
1.07470189295 0.879448292218
